	75
10AF_S5_R1_001	14785511.0
	20	22	24	26	28	30	32	34	36	38	40	42	44	46	48	50	52	54	56	58	60	62	64	66	68	70	72	74
10AF_S5_R1_001_val_1	1383.0	2967.0	8594.0	15404.0	24867.0	37767.0	51365.0	56762.0	68844.0	84483.0	98802.0	96495.0	96793.0	100550.0	116239.0	153287.0	162562.0	142566.0	134127.0	136119.0	139901.0	144087.0	143313.0	199503.0	748490.0	1750821.0	2385110.0	7589378.0
	75
10AF_S5_R2_001	14785511.0
	20	22	24	26	28	30	32	34	36	38	40	42	44	46	48	50	52	54	56	58	60	62	64	66	68	70	72	74
10AF_S5_R2_001_val_2	4893.0	5231.0	6615.0	8186.0	8342.0	7189.0	6423.0	6650.0	7689.0	7622.0	7210.0	6906.0	7417.0	7696.0	8684.0	8932.0	9512.0	10504.0	11891.0	14118.0	17995.0	24042.0	33284.0	54653.0	190785.0	1365397.0	8776834.0	4065879.0
	75
10P_ER_S13_R1_001	13407438.0
	75
10P_ER_S13_R2_001	13407438.0
	75
10R_SG_S19_R1_001	15425716.0
	75
10R_SG_S19_R2_001	15425716.0
	75
11P_DS_S14_R1_001	13326140.0
	75
11P_DS_S14_R2_001	13326140.0
	75
11R_GA_S20_R1_001	15307383.0
	75
11R_GA_S20_R2_001	15307383.0
	20	22	24	26	28	30	32	34	36	38	40	42	44	46	48	50	52	54	56	58	60	62	64	66	68	70	72	74
11a_S3_R1_001_val_1	8242.0	22096.0	51009.0	63286.0	83785.0	114823.0	133970.0	127538.0	192979.0	164356.0	217330.0	169738.0	219504.0	177926.0	255642.0	292837.0	279719.0	236049.0	238880.0	249110.0	233808.0	250614.0	267082.0	417113.0	1499743.0	1141060.0	1446048.0	5396099.0
	20	22	24	26	28	30	32	34	36	38	40	42	44	46	48	50	52	54	56	58	60	62	64	66	68	70	72	74
11a_S3_R2_001_val_2	9811.0	21449.0	45174.0	57430.0	76010.0	107125.0	125612.0	121218.0	192681.0	161660.0	219660.0	166936.0	216162.0	175669.0	248689.0	287704.0	280041.0	236872.0	243402.0	250408.0	248553.0	252231.0	272660.0	438218.0	1455049.0	800308.0	6805526.0	434128.0
	20	22	24	26	28	30	32	34	36	38	40	42	44	46	48	50	52	54	56	58	60	62	64	66	68	70	72	74
13a_S4_R1_001_val_1	5000.0	17693.0	37885.0	49409.0	68095.0	96900.0	110100.0	108810.0	165930.0	144456.0	197400.0	163791.0	200548.0	167371.0	259802.0	293144.0	270653.0	241039.0	243265.0	254657.0	243424.0	271384.0	290002.0	462432.0	1691865.0	1459040.0	2039414.0	7074862.0
	20	22	24	26	28	30	32	34	36	38	40	42	44	46	48	50	52	54	56	58	60	62	64	66	68	70	72	74
13a_S4_R2_001_val_2	12189.0	23018.0	41117.0	52474.0	69687.0	98885.0	110179.0	107512.0	169217.0	145563.0	200574.0	165014.0	200988.0	167958.0	253429.0	287142.0	269665.0	241325.0	245669.0	251087.0	259931.0	271262.0	298743.0	492039.0	1636492.0	920970.0	9046114.0	590128.0
	74
1AF_S1_R1_001	30166838.0
	20	22	24	26	28	30	32	34	36	38	40	42	44	46	48	50	52	54	56	58	60	62	64	66	68	70	72	74
1AF_S1_R1_001_val_1	3891.0	5129.0	20187.0	52699.0	93293.0	143961.0	211335.0	267201.0	283818.0	320794.0	371300.0	374137.0	343372.0	321300.0	326046.0	384244.0	465178.0	436899.0	366918.0	340398.0	332241.0	327955.0	325517.0	390120.0	1603091.0	6998272.0	1406760.0	13567522.0
	74
1AF_S1_R2_001	30166838.0
	20	22	24	26	28	30	32	34	36	38	40	42	44	46	48	50	52	54	56	58	60	62	64	66	68	70	72	74
1AF_S1_R2_001_val_2	10505.0	11530.0	11515.0	10937.0	10987.0	11348.0	11803.0	11384.0	11608.0	12004.0	11645.0	12116.0	12583.0	13848.0	14656.0	15572.0	16482.0	18589.0	21933.0	25416.0	34591.0	49709.0	71332.0	180861.0	663719.0	14034862.0	4529912.0	10242131.0
	74
1HS_S6_R1_001	24785945.0
	20	22	24	26	28	30	32	34	36	38	40	42	44	46	48	50	52	54	56	58	60	62	64	66	68	70	72	74
1HS_S6_R1_001_val_1	2352.0	3954.0	17300.0	40504.0	69311.0	107560.0	157914.0	191230.0	199659.0	246615.0	275154.0	272295.0	246559.0	240666.0	246301.0	313426.0	360370.0	319728.0	275856.0	263541.0	262915.0	257996.0	255884.0	322228.0	1509267.0	5805872.0	1131429.0	11328499.0
	74
1HS_S6_R2_001	24785945.0
	20	22	24	26	28	30	32	34	36	38	40	42	44	46	48	50	52	54	56	58	60	62	64	66	68	70	72	74
1HS_S6_R2_001_val_2	9351.0	10138.0	10071.0	9549.0	9436.0	9990.0	10146.0	9547.0	9880.0	9990.0	10005.0	10332.0	10775.0	11385.0	12464.0	12844.0	13789.0	15188.0	17509.0	20636.0	28121.0	39631.0	56600.0	140018.0	515212.0	11737203.0	4033471.0	7941104.0
	76
1MRLA_S9_R1_001	24883287.0
	76
1MRLA_S9_R2_001	24883287.0
	76
1PEM_S1_R1_001	19981458.0
	76
1PEM_S1_R2_001	19981458.0
	76
1RDAS_S11_R1_001	22737322.0
	76
1RDAS_S11_R2_001	22737322.0
	74
2AF_S2_R1_001	27653767.0
	20	22	24	26	28	30	32	34	36	38	40	42	44	46	48	50	52	54	56	58	60	62	64	66	68	70	72	74
2AF_S2_R1_001_val_1	3840.0	4644.0	19623.0	48956.0	85640.0	132772.0	195507.0	242275.0	252668.0	298977.0	339824.0	337825.0	305995.0	289193.0	295324.0	362296.0	427474.0	384127.0	323753.0	303723.0	301974.0	300087.0	295132.0	357988.0	1571067.0	6404142.0	1244294.0	12447820.0
	74
2AF_S2_R2_001	27653767.0
	20	22	24	26	28	30	32	34	36	38	40	42	44	46	48	50	52	54	56	58	60	62	64	66	68	70	72	74
2AF_S2_R2_001_val_2	9943.0	10897.0	10773.0	10295.0	9961.0	10564.0	10748.0	10619.0	10530.0	10745.0	10810.0	10895.0	11412.0	12434.0	13594.0	14273.0	14959.0	16881.0	19521.0	22864.0	30656.0	44082.0	63371.0	160929.0	598075.0	12913626.0	4351201.0	9162282.0
	74
2HS_S7_R1_001	27236613.0
	20	22	24	26	28	30	32	34	36	38	40	42	44	46	48	50	52	54	56	58	60	62	64	66	68	70	72	74
2HS_S7_R1_001_val_1	3199.0	3918.0	14968.0	39446.0	68075.0	107262.0	161171.0	206813.0	224127.0	260378.0	308925.0	315476.0	293807.0	274789.0	278835.0	326650.0	398034.0	383348.0	322344.0	296981.0	293049.0	291909.0	293673.0	353199.0	1447622.0	6401014.0	1286038.0	12507912.0
	74
2HS_S7_R2_001	27236613.0
	20	22	24	26	28	30	32	34	36	38	40	42	44	46	48	50	52	54	56	58	60	62	64	66	68	70	72	74
2HS_S7_R2_001_val_2	9737.0	10760.0	10702.0	9934.0	10025.0	10536.0	10695.0	10378.0	10490.0	10883.0	10646.0	10875.0	11230.0	12250.0	13288.0	14226.0	15565.0	16961.0	19570.0	22579.0	30577.0	44007.0	63675.0	151563.0	569242.0	12698229.0	4069133.0	9285206.0
	76
2MRPF_S10_R1_001	22048698.0
	76
2MRPF_S10_R2_001	22048698.0
	76
2PSL_S2_R1_001	21322885.0
	76
2PSL_S2_R2_001	21322885.0
	76
2RDAM_S12_R1_001	22290654.0
	76
2RDAM_S12_R2_001	22290654.0
	74
3AF_S3_R1_001	26585804.0
	20	22	24	26	28	30	32	34	36	38	40	42	44	46	48	50	52	54	56	58	60	62	64	66	68	70	72	74
3AF_S3_R1_001_val_1	3007.0	4501.0	19885.0	47033.0	80405.0	123869.0	182384.0	223308.0	232174.0	283103.0	319193.0	318571.0	291247.0	279128.0	287402.0	358811.0	415205.0	371685.0	316818.0	298546.0	295042.0	292346.0	292577.0	361025.0	1586764.0	6151177.0	1187291.0	11894650.0
	74
3AF_S3_R2_001	26585804.0
	20	22	24	26	28	30	32	34	36	38	40	42	44	46	48	50	52	54	56	58	60	62	64	66	68	70	72	74
3AF_S3_R2_001_val_2	9896.0	10732.0	10590.0	10111.0	10157.0	10401.0	10649.0	10189.0	9962.0	10751.0	10403.0	10484.0	11136.0	12015.0	12983.0	13785.0	14267.0	16276.0	18933.0	21795.0	29737.0	42904.0	61064.0	154053.0	572718.0	12520902.0	4305987.0	8584267.0
	74
3HS_S8_R1_001	23250645.0
	20	22	24	26	28	30	32	34	36	38	40	42	44	46	48	50	52	54	56	58	60	62	64	66	68	70	72	74
3HS_S8_R1_001_val_1	2883.0	3798.0	15949.0	39253.0	69037.0	107350.0	160046.0	197786.0	207833.0	246052.0	282826.0	282793.0	258852.0	247207.0	255013.0	311626.0	368028.0	333763.0	281469.0	265863.0	262719.0	260624.0	257952.0	310943.0	1320045.0	5382635.0	1045507.0	10412814.0
	74
3HS_S8_R2_001	23250645.0
	20	22	24	26	28	30	32	34	36	38	40	42	44	46	48	50	52	54	56	58	60	62	64	66	68	70	72	74
3HS_S8_R2_001_val_2	8596.0	9305.0	9397.0	8670.0	8556.0	8857.0	9342.0	9107.0	8819.0	9258.0	9354.0	9424.0	9633.0	10543.0	11278.0	11801.0	12869.0	13941.0	16186.0	18848.0	25966.0	37141.0	53157.0	134858.0	498878.0	10950966.0	3620684.0	7655232.0
	76
3PDR_S3_R1_001	23985559.0
	76
3PDR_S3_R2_001	23985559.0
	76
3RAM_S13_R1_001	23452029.0
	76
3RAM_S13_R2_001	23452029.0
	74
4AF_S4_R1_001	26195949.0
	20	22	24	26	28	30	32	34	36	38	40	42	44	46	48	50	52	54	56	58	60	62	64	66	68	70	72	74
4AF_S4_R1_001_val_1	3652.0	4432.0	17589.0	44603.0	76992.0	118697.0	173370.0	218352.0	231651.0	268443.0	310100.0	311910.0	286295.0	266893.0	272642.0	325607.0	393124.0	366204.0	307488.0	286444.0	283490.0	279016.0	278850.0	336578.0	1419072.0	6124594.0	1225503.0	11900964.0
	74
4AF_S4_R2_001	26195949.0
	20	22	24	26	28	30	32	34	36	38	40	42	44	46	48	50	52	54	56	58	60	62	64	66	68	70	72	74
4AF_S4_R2_001_val_2	9287.0	10026.0	10071.0	9447.0	9425.0	10074.0	10271.0	9695.0	9746.0	10227.0	10097.0	10439.0	10617.0	11476.0	12399.0	13422.0	14209.0	15656.0	18367.0	21500.0	29395.0	41793.0	60218.0	150920.0	561831.0	12225905.0	3974180.0	8851862.0
	74
4HS_S9_R1_001	28338404.0
	20	22	24	26	28	30	32	34	36	38	40	42	44	46	48	50	52	54	56	58	60	62	64	66	68	70	72	74
4HS_S9_R1_001_val_1	3568.0	4728.0	19210.0	48830.0	84682.0	130474.0	191972.0	243166.0	259438.0	301599.0	351298.0	357082.0	330856.0	307295.0	311880.0	368816.0	443635.0	416440.0	349174.0	324868.0	319110.0	317327.0	318611.0	377745.0	1537999.0	6529423.0	1302255.0	12712907.0
	74
4HS_S9_R2_001	28338404.0
	20	22	24	26	28	30	32	34	36	38	40	42	44	46	48	50	52	54	56	58	60	62	64	66	68	70	72	74
4HS_S9_R2_001_val_2	9602.0	10850.0	10900.0	10197.0	10178.0	10582.0	11137.0	10709.0	10598.0	11097.0	10976.0	11157.0	11770.0	12867.0	14059.0	14981.0	16102.0	17379.0	19912.0	23105.0	31901.0	46082.0	66505.0	165828.0	615965.0	13229911.0	4350193.0	9499845.0
	76
4PSR_S4_R1_001	23667459.0
	76
4PSR_S4_R2_001	23667459.0
	76
4RRS_S14_R1_001	20597619.0
	76
4RRS_S14_R2_001	20597619.0
	74
5AF_S5_R1_001	22486468.0
	20	22	24	26	28	30	32	34	36	38	40	42	44	46	48	50	52	54	56	58	60	62	64	66	68	70	72	74
5AF_S5_R1_001_val_1	1923.0	2663.0	12003.0	29734.0	53129.0	83885.0	126268.0	158032.0	167960.0	204451.0	234771.0	234098.0	213845.0	206705.0	215290.0	269763.0	314956.0	281954.0	242770.0	231178.0	230685.0	231083.0	228698.0	286103.0	1321536.0	5358268.0	1047116.0	10443718.0
	74
5AF_S5_R2_001	22486468.0
	20	22	24	26	28	30	32	34	36	38	40	42	44	46	48	50	52	54	56	58	60	62	64	66	68	70	72	74
5AF_S5_R2_001_val_2	8292.0	8700.0	8473.0	8148.0	8034.0	8415.0	8765.0	8388.0	8447.0	8671.0	8537.0	8852.0	9231.0	9752.0	10527.0	11223.0	11969.0	13387.0	15341.0	18326.0	24752.0	35414.0	50629.0	120964.0	464614.0	10589943.0	3662464.0	7282327.0
	74
5HS_S10_R1_001	25415862.0
	20	22	24	26	28	30	32	34	36	38	40	42	44	46	48	50	52	54	56	58	60	62	64	66	68	70	72	74
5HS_S10_R1_001_val_1	3732.0	4675.0	18257.0	45297.0	77546.0	117615.0	171196.0	212144.0	221746.0	260056.0	298740.0	301260.0	273891.0	258013.0	261467.0	313611.0	374370.0	343147.0	289001.0	271786.0	269850.0	266624.0	265113.0	321677.0	1393973.0	5929000.0	1179370.0	11609839.0
	74
5HS_S10_R2_001	25415862.0
	20	22	24	26	28	30	32	34	36	38	40	42	44	46	48	50	52	54	56	58	60	62	64	66	68	70	72	74
5HS_S10_R2_001_val_2	8945.0	9734.0	9754.0	9290.0	9241.0	9891.0	9781.0	9693.0	9461.0	9850.0	9748.0	10124.0	10436.0	11255.0	12113.0	13023.0	13837.0	15316.0	18009.0	20839.0	28291.0	40253.0	58291.0	147555.0	545615.0	11855408.0	3932890.0	8514353.0
	76
5PAM_S5_R1_001	23412888.0
	76
5PAM_S5_R2_001	23412888.0
	76
5ROCA_S15_R1_001	21680176.0
	76
5ROCA_S15_R2_001	21680176.0
	75
6AF_S1_R1_001	18435744.0
	20	22	24	26	28	30	32	34	36	38	40	42	44	46	48	50	52	54	56	58	60	62	64	66	68	70	72	74
6AF_S1_R1_001_val_1	1752.0	4503.0	14988.0	27246.0	44691.0	66974.0	92255.0	100406.0	118213.0	143109.0	164462.0	160956.0	157715.0	160168.0	180673.0	231052.0	247256.0	217554.0	200346.0	198999.0	201104.0	203133.0	200230.0	267140.0	927954.0	2166299.0	2824948.0	8996143.0
	75
6AF_S1_R2_001	18435744.0
	20	22	24	26	28	30	32	34	36	38	40	42	44	46	48	50	52	54	56	58	60	62	64	66	68	70	72	74
6AF_S1_R2_001_val_2	5161.0	5679.0	7182.0	8987.0	9083.0	7664.0	6834.0	7146.0	8547.0	8362.0	7852.0	7833.0	8366.0	9011.0	10244.0	10578.0	11121.0	12406.0	14684.0	18002.0	23278.0	31179.0	44326.0	75142.0	279607.0	1905117.0	10589165.0	5187713.0
	76
6PAG_S6_R1_001	21596403.0
	76
6PAG_S6_R2_001	21596403.0
	75
6R_FD_S15_R1_001	12936898.0
	75
6R_FD_S15_R2_001	12936898.0
	75
7AF_S2_R1_001	15267236.0
	75
7AF_S2_R2_001	15267236.0
	76
7PIL_S7_R1_001	26980826.0
	76
7PIL_S7_R2_001	26980826.0
	75
7R_FV_S16_R1_001	9047194.0
	75
7R_FV_S16_R2_001	9047194.0
	75
8AF_S3_R1_001	13987822.0
	75
8AF_S3_R2_001	13987822.0
	76
8PSN_S8_R1_001	27208684.0
	76
8PSN_S8_R2_001	27208684.0
	75
8R_BM_S17_R1_001	13228085.0
	75
8R_BM_S17_R2_001	13228085.0
	75
9AF_S4_R1_001	17191805.0
	20	22	24	26	28	30	32	34	36	38	40	42	44	46	48	50	52	54	56	58	60	62	64	66	68	70	72	74
9AF_S4_R1_001_val_1	1423.0	3366.0	10460.0	18746.0	30456.0	45882.0	62691.0	69294.0	82398.0	100453.0	116223.0	113622.0	113380.0	117106.0	134434.0	176859.0	188975.0	167494.0	155766.0	156712.0	159614.0	164977.0	164732.0	228655.0	861194.0	2042036.0	2787821.0	8805311.0
	75
9AF_S4_R2_001	17191805.0
	20	22	24	26	28	30	32	34	36	38	40	42	44	46	48	50	52	54	56	58	60	62	64	66	68	70	72	74
9AF_S4_R2_001_val_2	5318.0	5695.0	7211.0	9100.0	9101.0	7786.0	6902.0	7211.0	8608.0	8183.0	7768.0	7830.0	8197.0	8578.0	9772.0	10117.0	10667.0	11808.0	14078.0	17430.0	21931.0	28871.0	41285.0	69374.0	245001.0	1760192.0	9980657.0	4751409.0
	75
9P_PA_S12_R1_001	14273771.0
	75
9P_PA_S12_R2_001	14273771.0
	75
9R_MV_S18_R1_001	14056067.0
	75
9R_MV_S18_R2_001	14056067.0
	75
HS10_S10_R1_001	19449998.0
	20	22	24	26	28	30	32	34	36	38	40	42	44	46	48	50	52	54	56	58	60	62	64	66	68	70	72	74
HS10_S10_R1_001_val_1	2765.0	6851.0	20933.0	37931.0	61107.0	90597.0	123171.0	132446.0	154825.0	184855.0	210205.0	201361.0	195150.0	196521.0	220472.0	283945.0	298440.0	258027.0	236661.0	232848.0	232170.0	229996.0	221966.0	296366.0	1023480.0	2218207.0	2886423.0	9045062.0
	75
HS10_S10_R2_001	19449998.0
	20	22	24	26	28	30	32	34	36	38	40	42	44	46	48	50	52	54	56	58	60	62	64	66	68	70	72	74
HS10_S10_R2_001_val_2	5568.0	6070.0	7612.0	9449.0	9659.0	8212.0	7298.0	7617.0	8947.0	8910.0	8382.0	8339.0	8772.0	9324.0	10644.0	10901.0	11542.0	12846.0	15254.0	19050.0	24282.0	32486.0	46317.0	78424.0	309611.0	2001079.0	11204050.0	5412136.0
	75
HS11_S11_R1_001	12419612.0
	20	22	24	26	28	30	32	34	36	38	40	42	44	46	48	50	52	54	56	58	60	62	64	66	68	70	72	74
HS11_S11_R1_001_val_1	971.0	2560.0	8568.0	15905.0	25144.0	38074.0	52624.0	58467.0	69387.0	85207.0	99919.0	100433.0	99333.0	100994.0	114316.0	148398.0	161323.0	143641.0	134383.0	133727.0	134939.0	138607.0	136651.0	182058.0	625764.0	1476374.0	1936596.0	6119648.0
	75
HS11_S11_R2_001	12419612.0
	20	22	24	26	28	30	32	34	36	38	40	42	44	46	48	50	52	54	56	58	60	62	64	66	68	70	72	74
HS11_S11_R2_001_val_2	3698.0	4218.0	4984.0	6488.0	6519.0	5566.0	5041.0	5269.0	6040.0	6008.0	5726.0	5605.0	5770.0	6192.0	6922.0	7205.0	7517.0	8632.0	9991.0	12342.0	15597.0	20493.0	28840.0	47293.0	169843.0	1198753.0	7244581.0	3488878.0
	75
HS6_S6_R1_001	14675638.0
	20	22	24	26	28	30	32	34	36	38	40	42	44	46	48	50	52	54	56	58	60	62	64	66	68	70	72	74
HS6_S6_R1_001_val_1	1135.0	2759.0	9090.0	17013.0	28264.0	42929.0	59231.0	65636.0	77684.0	94257.0	109852.0	107513.0	105389.0	108393.0	122519.0	158523.0	169918.0	150566.0	137881.0	138786.0	142079.0	144401.0	142572.0	194208.0	706579.0	1749729.0	2366473.0	7423971.0
	75
HS6_S6_R2_001	14675638.0
	20	22	24	26	28	30	32	34	36	38	40	42	44	46	48	50	52	54	56	58	60	62	64	66	68	70	72	74
HS6_S6_R2_001_val_2	4241.0	4639.0	5638.0	7067.0	7356.0	6228.0	5737.0	5879.0	6933.0	6840.0	6467.0	6364.0	6729.0	7034.0	7999.0	8462.0	9012.0	9905.0	11869.0	14748.0	18965.0	24987.0	36132.0	61367.0	218646.0	1529812.0	8428311.0	4109983.0
	75
HS7_S7_R1_001	30332664.0
	20	22	24	26	28	30	32	34	36	38	40	42	44	46	48	50	52	54	56	58	60	62	64	66	68	70	72	74
HS7_S7_R1_001_val_1	4692.0	12965.0	42184.0	71524.0	110535.0	159883.0	209271.0	215957.0	248578.0	293410.0	330760.0	314047.0	302715.0	296099.0	328886.0	424518.0	434589.0	367423.0	336135.0	330512.0	329265.0	331498.0	325829.0	442232.0	1591409.0	3401256.0	4517644.0	14343112.0
	75
HS7_S7_R2_001	30332664.0
	20	22	24	26	28	30	32	34	36	38	40	42	44	46	48	50	52	54	56	58	60	62	64	66	68	70	72	74
HS7_S7_R2_001_val_2	10462.0	11227.0	13947.0	17628.0	17129.0	14348.0	13415.0	13505.0	15539.0	15211.0	14641.0	14891.0	15636.0	16267.0	18912.0	19092.0	19976.0	22367.0	26272.0	32902.0	40964.0	54759.0	77758.0	130322.0	512952.0	3153061.0	17716505.0	8087240.0
	75
HS8_S8_R1_001	14350632.0
	20	22	24	26	28	30	32	34	36	38	40	42	44	46	48	50	52	54	56	58	60	62	64	66	68	70	72	74
HS8_S8_R1_001_val_1	967.0	2692.0	8624.0	16473.0	27354.0	41692.0	57313.0	63776.0	77001.0	93423.0	107963.0	105500.0	104635.0	107181.0	122501.0	159565.0	170758.0	151100.0	139403.0	139986.0	142821.0	146552.0	143417.0	196400.0	717923.0	1710780.0	2282039.0	7221091.0
	75
HS8_S8_R2_001	14350632.0
	20	22	24	26	28	30	32	34	36	38	40	42	44	46	48	50	52	54	56	58	60	62	64	66	68	70	72	74
HS8_S8_R2_001_val_2	4573.0	4811.0	6240.0	7568.0	7564.0	6440.0	6099.0	6189.0	7186.0	6941.0	6550.0	6458.0	6853.0	7255.0	8225.0	8560.0	9039.0	10009.0	11450.0	14030.0	17652.0	23715.0	33469.0	55814.0	198168.0	1399600.0	8387096.0	3991376.0
	75
HS9_S9_R1_001	19285408.0
	20	22	24	26	28	30	32	34	36	38	40	42	44	46	48	50	52	54	56	58	60	62	64	66	68	70	72	74
HS9_S9_R1_001_val_1	2146.0	4864.0	14981.0	27763.0	45137.0	68097.0	94418.0	102880.0	121906.0	147511.0	168340.0	161746.0	161162.0	164661.0	187329.0	245527.0	257150.0	222987.0	205515.0	204088.0	205903.0	207438.0	202948.0	277972.0	1004113.0	2240303.0	3009702.0	9390041.0
	75
HS9_S9_R2_001	19285408.0
	20	22	24	26	28	30	32	34	36	38	40	42	44	46	48	50	52	54	56	58	60	62	64	66	68	70	72	74
HS9_S9_R2_001_val_2	5493.0	5904.0	7417.0	9448.0	9203.0	7897.0	6900.0	7276.0	8920.0	8579.0	8060.0	8173.0	8671.0	9218.0	10505.0	10753.0	11218.0	12764.0	15156.0	18703.0	23436.0	31210.0	45339.0	76022.0	286444.0	1965516.0	11242497.0	5285906.0

