	16.0	17.0	18.0	19.0	20.0	21.0	22.0	23.0	24.0	25.0	26.0	27.0	28.0	29.0	30.0	31.0	32.0	33.0	34.0	35.0
10AF_S5_R1_001	1.0	1.0	47.0	354.0	1687.0	5925.0	15512.0	33958.0	65052.0	112557.0	181249.0	277214.0	410291.0	586683.0	825130.0	1143782.0	1603000.0	2365418.0	4105985.0	3051665.0
	17.0	18.0	19.0	20.0	21.0	22.0	23.0	24.0	25.0	26.0	27.0	28.0	29.0	30.0	31.0	32.0	33.0	34.0	35.0
10AF_S5_R1_001_val_1	1.0	15.0	113.0	591.0	2596.0	8268.0	20563.0	43964.0	83145.0	145933.0	236836.0	368638.0	548378.0	792672.0	1119246.0	1585361.0	2342021.0	4146074.0	3246164.0
	2.0	3.0	4.0	5.0	6.0	7.0	8.0	9.0	10.0	11.0	12.0	13.0	14.0	15.0	16.0	17.0	18.0	19.0	20.0	21.0	22.0	23.0	24.0	25.0	26.0	27.0	28.0	29.0	30.0	31.0	32.0	33.0	34.0	35.0
10AF_S5_R2_001	29988.0	4378.0	5692.0	2677.0	1969.0	1824.0	1683.0	1589.0	1552.0	1598.0	1573.0	1456.0	1499.0	1782.0	4329.0	11327.0	22552.0	36944.0	55084.0	75441.0	95494.0	119881.0	156039.0	209451.0	289415.0	400299.0	557369.0	782503.0	1106698.0	1591672.0	2292236.0	3094818.0	3047057.0	777642.0
	4.0	5.0	6.0	7.0	8.0	9.0	10.0	11.0	12.0	13.0	14.0	15.0	16.0	17.0	18.0	19.0	20.0	21.0	22.0	23.0	24.0	25.0	26.0	27.0	28.0	29.0	30.0	31.0	32.0	33.0	34.0	35.0
10AF_S5_R2_001_val_2	1.0	5.0	4.0	7.0	11.0	13.0	27.0	51.0	71.0	92.0	114.0	226.0	907.0	3343.0	9350.0	20216.0	38337.0	59575.0	80181.0	104223.0	139284.0	193089.0	273076.0	386369.0	544466.0	767777.0	1089397.0	1569020.0	2265591.0	3083889.0	3134829.0	927038.0
	17.0	18.0	19.0	20.0	21.0	22.0	23.0	24.0	25.0	26.0	27.0	28.0	29.0	30.0	31.0	32.0	33.0	34.0	35.0
10P_ER_S13_R1_001	3.0	27.0	249.0	1274.0	4515.0	12032.0	26064.0	50751.0	88980.0	145011.0	226523.0	339311.0	496497.0	714320.0	1012377.0	1446150.0	2170059.0	3804663.0	2868632.0
	2.0	3.0	4.0	5.0	6.0	7.0	8.0	9.0	10.0	11.0	12.0	13.0	14.0	15.0	16.0	17.0	18.0	19.0	20.0	21.0	22.0	23.0	24.0	25.0	26.0	27.0	28.0	29.0	30.0	31.0	32.0	33.0	34.0	35.0
10P_ER_S13_R2_001	27364.0	3966.0	5260.0	2513.0	1719.0	1587.0	1468.0	1396.0	1444.0	1416.0	1450.0	1328.0	1321.0	1433.0	3252.0	8224.0	16380.0	28266.0	44371.0	64566.0	85392.0	111745.0	150015.0	209798.0	294691.0	417115.0	590429.0	834389.0	1182569.0	1667529.0	2274429.0	2742493.0	2203805.0	424315.0
	16.0	17.0	18.0	19.0	20.0	21.0	22.0	23.0	24.0	25.0	26.0	27.0	28.0	29.0	30.0	31.0	32.0	33.0	34.0	35.0
10R_SG_S19_R1_001	1.0	9.0	37.0	290.0	1649.0	5980.0	15904.0	34651.0	66041.0	113691.0	183677.0	280490.0	414384.0	595837.0	839133.0	1171676.0	1656467.0	2473490.0	4330630.0	3241679.0
	2.0	3.0	4.0	5.0	6.0	7.0	8.0	9.0	10.0	11.0	12.0	13.0	14.0	15.0	16.0	17.0	18.0	19.0	20.0	21.0	22.0	23.0	24.0	25.0	26.0	27.0	28.0	29.0	30.0	31.0	32.0	33.0	34.0	35.0
10R_SG_S19_R2_001	31257.0	4740.0	5774.0	2826.0	2002.0	1795.0	1712.0	1644.0	1669.0	1650.0	1593.0	1572.0	1550.0	1869.0	4018.0	10583.0	20857.0	35210.0	54803.0	79255.0	105461.0	138361.0	183565.0	250657.0	347804.0	482167.0	672155.0	939631.0	1324381.0	1874435.0	2584819.0	3166103.0	2583245.0	506553.0
	16.0	17.0	18.0	19.0	20.0	21.0	22.0	23.0	24.0	25.0	26.0	27.0	28.0	29.0	30.0	31.0	32.0	33.0	34.0	35.0
11P_DS_S14_R1_001	1.0	2.0	33.0	283.0	1574.0	5033.0	13614.0	29655.0	55734.0	96891.0	156178.0	241460.0	356579.0	512880.0	727831.0	1021316.0	1445772.0	2164685.0	3738140.0	2758479.0
	2.0	3.0	4.0	5.0	6.0	7.0	8.0	9.0	10.0	11.0	12.0	13.0	14.0	15.0	16.0	17.0	18.0	19.0	20.0	21.0	22.0	23.0	24.0	25.0	26.0	27.0	28.0	29.0	30.0	31.0	32.0	33.0	34.0	35.0
11P_DS_S14_R2_001	26999.0	4060.0	5079.0	2523.0	1723.0	1598.0	1514.0	1333.0	1407.0	1433.0	1420.0	1298.0	1295.0	1549.0	3266.0	8545.0	17202.0	29336.0	46600.0	66724.0	88940.0	115894.0	155300.0	213592.0	299394.0	420923.0	590341.0	829614.0	1171155.0	1648464.0	2248687.0	2710003.0	2184284.0	424645.0
	16.0	17.0	18.0	19.0	20.0	21.0	22.0	23.0	24.0	25.0	26.0	27.0	28.0	29.0	30.0	31.0	32.0	33.0	34.0	35.0
11R_GA_S20_R1_001	2.0	5.0	60.0	388.0	2047.0	7034.0	17519.0	36992.0	70169.0	118844.0	190074.0	291739.0	428408.0	616420.0	865131.0	1202150.0	1683049.0	2487625.0	4247839.0	3041888.0
	2.0	3.0	4.0	5.0	6.0	7.0	8.0	9.0	10.0	11.0	12.0	13.0	14.0	15.0	16.0	17.0	18.0	19.0	20.0	21.0	22.0	23.0	24.0	25.0	26.0	27.0	28.0	29.0	30.0	31.0	32.0	33.0	34.0	35.0
11R_GA_S20_R2_001	30937.0	4674.0	5799.0	2775.0	2036.0	1817.0	1719.0	1656.0	1580.0	1619.0	1686.0	1529.0	1606.0	1897.0	4451.0	11431.0	23047.0	38370.0	59315.0	85567.0	114397.0	149652.0	201772.0	279059.0	388130.0	540561.0	746691.0	1028867.0	1416989.0	1932246.0	2544622.0	2956188.0	2289294.0	435404.0
	15.0	16.0	17.0	18.0	19.0	20.0	21.0	22.0	23.0	24.0	25.0	26.0	27.0	28.0	29.0	30.0	31.0	32.0	33.0	34.0	35.0
11a_S3_R1_001_val_1	2.0	14.0	75.0	198.0	433.0	1430.0	3977.0	10810.0	25561.0	51178.0	90945.0	149193.0	225842.0	324758.0	444999.0	581457.0	743397.0	960333.0	1330903.0	2375572.0	6629309.0
	10.0	11.0	12.0	13.0	14.0	15.0	16.0	17.0	18.0	19.0	20.0	21.0	22.0	23.0	24.0	25.0	26.0	27.0	28.0	29.0	30.0	31.0	32.0	33.0	34.0	35.0
11a_S3_R2_001_val_2	4.0	3.0	13.0	29.0	1094.0	6813.0	16394.0	27350.0	40036.0	54857.0	78398.0	106480.0	135533.0	170039.0	210701.0	258683.0	317757.0	387988.0	473870.0	582781.0	719322.0	901846.0	1171827.0	1646018.0	2668905.0	3973645.0
	15.0	16.0	17.0	18.0	19.0	20.0	21.0	22.0	23.0	24.0	25.0	26.0	27.0	28.0	29.0	30.0	31.0	32.0	33.0	34.0	35.0
13a_S4_R1_001_val_1	1.0	9.0	46.0	87.0	245.0	933.0	3275.0	9540.0	23251.0	48656.0	88942.0	147601.0	226274.0	329904.0	452487.0	600048.0	774756.0	1016527.0	1427775.0	2635861.0	8842153.0
	11.0	12.0	13.0	14.0	15.0	16.0	17.0	18.0	19.0	20.0	21.0	22.0	23.0	24.0	25.0	26.0	27.0	28.0	29.0	30.0	31.0	32.0	33.0	34.0	35.0
13a_S4_R2_001_val_2	6.0	15.0	42.0	1851.0	10644.0	23656.0	36317.0	50142.0	67958.0	96456.0	130679.0	164179.0	200090.0	242019.0	289538.0	344351.0	406635.0	482870.0	575688.0	697484.0	867194.0	1143417.0	1669420.0	3010635.0	6117085.0
	11.0	12.0	13.0	14.0	15.0	16.0	17.0	18.0	19.0	20.0	21.0	22.0	23.0	24.0	25.0	26.0	27.0	28.0	29.0	30.0	31.0	32.0	33.0	34.0	35.0
1AF_S1_R1_001	1.0	3.0	6.0	48.0	56.0	109.0	179.0	254.0	860.0	3232.0	12170.0	33904.0	71400.0	119267.0	174016.0	241075.0	333167.0	459788.0	630606.0	852583.0	1145283.0	1578346.0	2374294.0	4862781.0	17273410.0
	14.0	15.0	16.0	17.0	18.0	19.0	20.0	21.0	22.0	23.0	24.0	25.0	26.0	27.0	28.0	29.0	30.0	31.0	32.0	33.0	34.0	35.0
1AF_S1_R1_001_val_1	2.0	7.0	3.0	13.0	53.0	333.0	1648.0	7049.0	21380.0	48999.0	86856.0	132430.0	190941.0	275957.0	401800.0	576561.0	806201.0	1097229.0	1515933.0	2251939.0	4437705.0	18230539.0
	2.0	3.0	4.0	5.0	6.0	7.0	8.0	9.0	10.0	11.0	12.0	13.0	14.0	15.0	16.0	17.0	18.0	19.0	20.0	21.0	22.0	23.0	24.0	25.0	26.0	27.0	28.0	29.0	30.0	31.0	32.0	33.0	34.0	35.0
1AF_S1_R2_001	1251.0	1375.0	1676.0	1997.0	1799.0	1612.0	1532.0	1285.0	1179.0	1078.0	969.0	889.0	1042.0	3744.0	13230.0	32947.0	58105.0	85355.0	123298.0	161543.0	194018.0	228803.0	273986.0	332810.0	411609.0	518337.0	654133.0	838497.0	1102199.0	1513031.0	2252263.0	3904017.0	8213668.0	9233561.0
	2.0	3.0	4.0	5.0	6.0	7.0	8.0	9.0	10.0	11.0	12.0	13.0	14.0	15.0	16.0	17.0	18.0	19.0	20.0	21.0	22.0	23.0	24.0	25.0	26.0	27.0	28.0	29.0	30.0	31.0	32.0	33.0	34.0	35.0
1AF_S1_R2_001_val_2	675.0	1189.0	1568.0	1668.0	1611.0	1458.0	1328.0	1165.0	1068.0	952.0	883.0	848.0	884.0	1420.0	4375.0	12817.0	28615.0	53084.0	92313.0	134565.0	168161.0	202264.0	247837.0	308996.0	393731.0	505164.0	647735.0	833034.0	1094942.0	1497674.0	2221395.0	3833039.0	8112078.0	9675042.0
	12.0	13.0	14.0	15.0	16.0	17.0	18.0	19.0	20.0	21.0	22.0	23.0	24.0	25.0	26.0	27.0	28.0	29.0	30.0	31.0	32.0	33.0	34.0	35.0
1HS_S6_R1_001	2.0	11.0	27.0	46.0	79.0	117.0	182.0	438.0	1713.0	5966.0	17651.0	40223.0	73478.0	115447.0	171969.0	248196.0	352869.0	493581.0	675205.0	918570.0	1278481.0	1920476.0	3921838.0	14549380.0
	14.0	15.0	16.0	17.0	18.0	19.0	20.0	21.0	22.0	23.0	24.0	25.0	26.0	27.0	28.0	29.0	30.0	31.0	32.0	33.0	34.0	35.0
1HS_S6_R1_001_val_1	1.0	3.0	2.0	9.0	35.0	145.0	780.0	3124.0	10276.0	25922.0	50929.0	84911.0	132840.0	203293.0	307414.0	453180.0	638961.0	882052.0	1232555.0	1840626.0	3645757.0	15211570.0
	2.0	3.0	4.0	5.0	6.0	7.0	8.0	9.0	10.0	11.0	12.0	13.0	14.0	15.0	16.0	17.0	18.0	19.0	20.0	21.0	22.0	23.0	24.0	25.0	26.0	27.0	28.0	29.0	30.0	31.0	32.0	33.0	34.0	35.0
1HS_S6_R2_001	1019.0	1082.0	1325.0	1611.0	1507.0	1402.0	1250.0	1123.0	979.0	882.0	799.0	766.0	868.0	2931.0	10385.0	23412.0	39670.0	58408.0	86718.0	117096.0	140623.0	169239.0	202641.0	248323.0	310633.0	393950.0	502727.0	649436.0	855352.0	1178629.0	1752281.0	3034798.0	6615999.0	8378081.0
	2.0	3.0	4.0	5.0	6.0	7.0	8.0	9.0	10.0	11.0	12.0	13.0	14.0	15.0	16.0	17.0	18.0	19.0	20.0	21.0	22.0	23.0	24.0	25.0	26.0	27.0	28.0	29.0	30.0	31.0	32.0	33.0	34.0	35.0
1HS_S6_R2_001_val_2	508.0	934.0	1206.0	1439.0	1330.0	1249.0	1092.0	1006.0	873.0	815.0	695.0	678.0	709.0	1114.0	3242.0	8063.0	17543.0	33906.0	62200.0	93203.0	118063.0	145848.0	179218.0	227387.0	294603.0	382788.0	496998.0	646024.0	851718.0	1167375.0	1729544.0	2975331.0	6498288.0	8779395.0
	15.0	16.0	17.0	18.0	19.0	20.0	21.0	22.0	23.0	24.0	25.0	26.0	27.0	28.0	29.0	30.0	31.0	32.0	33.0	34.0	35.0
1MRLA_S9_R1_001	1.0	1.0	18.0	166.0	1319.0	8061.0	30367.0	78439.0	150941.0	234696.0	320753.0	411574.0	530346.0	693871.0	912962.0	1195734.0	1569211.0	2107010.0	3029487.0	5328943.0	8279387.0
	5.0	6.0	7.0	8.0	9.0	10.0	11.0	12.0	13.0	14.0	15.0	16.0	17.0	18.0	19.0	20.0	21.0	22.0	23.0	24.0	25.0	26.0	27.0	28.0	29.0	30.0	31.0	32.0	33.0	34.0	35.0
1MRLA_S9_R2_001	1.0	0.0	0.0	1.0	0.0	5.0	8.0	16.0	29.0	175.0	2142.0	12270.0	34172.0	60594.0	89645.0	125742.0	164982.0	201511.0	237991.0	281159.0	342888.0	429720.0	548707.0	713548.0	945830.0	1282860.0	1800681.0	2675030.0	4245885.0	6604104.0	4083591.0
	17.0	18.0	19.0	20.0	21.0	22.0	23.0	24.0	25.0	26.0	27.0	28.0	29.0	30.0	31.0	32.0	33.0	34.0	35.0
1PEM_S1_R1_001	14.0	146.0	1094.0	6265.0	23701.0	60329.0	117105.0	182742.0	247816.0	319504.0	412370.0	542522.0	715444.0	940654.0	1237858.0	1666748.0	2413325.0	4288824.0	6804997.0
	6.0	7.0	8.0	9.0	10.0	11.0	12.0	13.0	14.0	15.0	16.0	17.0	18.0	19.0	20.0	21.0	22.0	23.0	24.0	25.0	26.0	27.0	28.0	29.0	30.0	31.0	32.0	33.0	34.0	35.0
1PEM_S1_R2_001	1.0	0.0	2.0	1.0	6.0	6.0	14.0	16.0	139.0	1856.0	10168.0	27379.0	48422.0	71097.0	100016.0	131923.0	159459.0	189116.0	222603.0	272832.0	341712.0	440452.0	574202.0	761078.0	1034589.0	1454564.0	2167123.0	3440378.0	5311382.0	3220922.0
	16.0	17.0	18.0	19.0	20.0	21.0	22.0	23.0	24.0	25.0	26.0	27.0	28.0	29.0	30.0	31.0	32.0	33.0	34.0	35.0
1RDAS_S11_R1_001	1.0	10.0	131.0	1265.0	7371.0	26718.0	69825.0	133802.0	207324.0	281527.0	361647.0	468350.0	619501.0	822698.0	1089223.0	1439516.0	1934171.0	2770914.0	4851371.0	7651957.0
	9.0	10.0	11.0	12.0	13.0	14.0	15.0	16.0	17.0	18.0	19.0	20.0	21.0	22.0	23.0	24.0	25.0	26.0	27.0	28.0	29.0	30.0	31.0	32.0	33.0	34.0	35.0
1RDAS_S11_R2_001	2.0	1.0	10.0	19.0	27.0	155.0	2259.0	12533.0	33407.0	57966.0	83330.0	113179.0	146062.0	174153.0	204441.0	243006.0	296438.0	375865.0	485667.0	636139.0	848434.0	1155618.0	1632891.0	2431779.0	3879642.0	6082639.0	3841660.0
	12.0	13.0	14.0	15.0	16.0	17.0	18.0	19.0	20.0	21.0	22.0	23.0	24.0	25.0	26.0	27.0	28.0	29.0	30.0	31.0	32.0	33.0	34.0	35.0
2AF_S2_R1_001	4.0	12.0	30.0	70.0	97.0	109.0	206.0	506.0	1815.0	6427.0	19202.0	44023.0	80642.0	128207.0	190110.0	275077.0	391415.0	548458.0	753786.0	1026475.0	1425513.0	2143372.0	4375181.0	16243030.0
	14.0	15.0	16.0	17.0	18.0	19.0	20.0	21.0	22.0	23.0	24.0	25.0	26.0	27.0	28.0	29.0	30.0	31.0	32.0	33.0	34.0	35.0
2AF_S2_R1_001_val_1	2.0	10.0	8.0	15.0	32.0	178.0	859.0	3316.0	11253.0	27897.0	55826.0	92619.0	144930.0	223364.0	338324.0	499085.0	711376.0	981800.0	1372617.0	2046124.0	4051510.0	17015795.0
	2.0	3.0	4.0	5.0	6.0	7.0	8.0	9.0	10.0	11.0	12.0	13.0	14.0	15.0	16.0	17.0	18.0	19.0	20.0	21.0	22.0	23.0	24.0	25.0	26.0	27.0	28.0	29.0	30.0	31.0	32.0	33.0	34.0	35.0
2AF_S2_R2_001	1172.0	1301.0	1544.0	1791.0	1659.0	1588.0	1412.0	1292.0	1072.0	945.0	866.0	833.0	976.0	3973.0	13339.0	28849.0	46682.0	67508.0	99834.0	135081.0	164256.0	196405.0	236358.0	290273.0	365327.0	463364.0	592454.0	765763.0	1008869.0	1387125.0	2064034.0	3579880.0	7558216.0	8569726.0
	2.0	3.0	4.0	5.0	6.0	7.0	8.0	9.0	10.0	11.0	12.0	13.0	14.0	15.0	16.0	17.0	18.0	19.0	20.0	21.0	22.0	23.0	24.0	25.0	26.0	27.0	28.0	29.0	30.0	31.0	32.0	33.0	34.0	35.0
2AF_S2_R2_001_val_2	625.0	1056.0	1469.0	1490.0	1522.0	1398.0	1241.0	1114.0	962.0	859.0	814.0	724.0	791.0	1390.0	4045.0	10161.0	21232.0	39519.0	72477.0	109862.0	139190.0	171126.0	212343.0	268645.0	347887.0	452069.0	586173.0	760838.0	1001994.0	1374522.0	2034693.0	3511821.0	7449842.0	8993046.0
	11.0	12.0	13.0	14.0	15.0	16.0	17.0	18.0	19.0	20.0	21.0	22.0	23.0	24.0	25.0	26.0	27.0	28.0	29.0	30.0	31.0	32.0	33.0	34.0	35.0
2HS_S7_R1_001	1.0	1.0	11.0	33.0	74.0	105.0	130.0	221.0	651.0	2682.0	9732.0	27454.0	58238.0	99761.0	148370.0	210236.0	295664.0	409683.0	562537.0	764703.0	1027947.0	1417552.0	2129594.0	4333829.0	15737404.0
	13.0	14.0	15.0	16.0	17.0	18.0	19.0	20.0	21.0	22.0	23.0	24.0	25.0	26.0	27.0	28.0	29.0	30.0	31.0	32.0	33.0	34.0	35.0
2HS_S7_R1_001_val_1	1.0	2.0	7.0	3.0	10.0	46.0	273.0	1283.0	5536.0	17469.0	39675.0	72396.0	112846.0	166133.0	245054.0	359580.0	517565.0	725266.0	987364.0	1364991.0	2033428.0	4004833.0	16509201.0
	2.0	3.0	4.0	5.0	6.0	7.0	8.0	9.0	10.0	11.0	12.0	13.0	14.0	15.0	16.0	17.0	18.0	19.0	20.0	21.0	22.0	23.0	24.0	25.0	26.0	27.0	28.0	29.0	30.0	31.0	32.0	33.0	34.0	35.0
2HS_S7_R2_001	1121.0	1235.0	1548.0	1753.0	1631.0	1566.0	1410.0	1262.0	1070.0	953.0	865.0	850.0	891.0	3289.0	11819.0	28986.0	50413.0	74698.0	106380.0	140543.0	168975.0	198605.0	237797.0	289763.0	360605.0	455085.0	580522.0	746513.0	981358.0	1353735.0	2018209.0	3505142.0	7432891.0	8475130.0
	2.0	3.0	4.0	5.0	6.0	7.0	8.0	9.0	10.0	11.0	12.0	13.0	14.0	15.0	16.0	17.0	18.0	19.0	20.0	21.0	22.0	23.0	24.0	25.0	26.0	27.0	28.0	29.0	30.0	31.0	32.0	33.0	34.0	35.0
2HS_S7_R2_001_val_2	556.0	1014.0	1428.0	1481.0	1547.0	1360.0	1238.0	1098.0	971.0	840.0	793.0	759.0	745.0	1296.0	3816.0	11016.0	24310.0	45279.0	78757.0	115806.0	145615.0	174506.0	214538.0	268225.0	343690.0	442965.0	573973.0	741521.0	974282.0	1340394.0	1991830.0	3439968.0	7340871.0	8876474.0
	16.0	17.0	18.0	19.0	20.0	21.0	22.0	23.0	24.0	25.0	26.0	27.0	28.0	29.0	30.0	31.0	32.0	33.0	34.0	35.0
2MRPF_S10_R1_001	2.0	14.0	144.0	1290.0	7029.0	26773.0	69165.0	133982.0	209148.0	281210.0	354663.0	451916.0	586431.0	774615.0	1020292.0	1351537.0	1829889.0	2679247.0	4780839.0	7490512.0
	8.0	9.0	10.0	11.0	12.0	13.0	14.0	15.0	16.0	17.0	18.0	19.0	20.0	21.0	22.0	23.0	24.0	25.0	26.0	27.0	28.0	29.0	30.0	31.0	32.0	33.0	34.0	35.0
2MRPF_S10_R2_001	2.0	1.0	5.0	6.0	19.0	22.0	140.0	1883.0	10682.0	29918.0	54667.0	82446.0	116515.0	152837.0	182939.0	212030.0	243189.0	291064.0	360358.0	459365.0	596824.0	793716.0	1087571.0	1542823.0	2321460.0	3746293.0	5957438.0	3804485.0
	16.0	17.0	18.0	19.0	20.0	21.0	22.0	23.0	24.0	25.0	26.0	27.0	28.0	29.0	30.0	31.0	32.0	33.0	34.0	35.0
2PSL_S2_R1_001	1.0	19.0	128.0	1100.0	6222.0	23194.0	59396.0	114501.0	179263.0	247337.0	322371.0	420060.0	552941.0	734550.0	966030.0	1275387.0	1723712.0	2514292.0	4560686.0	7621695.0
	8.0	9.0	10.0	11.0	12.0	13.0	14.0	15.0	16.0	17.0	18.0	19.0	20.0	21.0	22.0	23.0	24.0	25.0	26.0	27.0	28.0	29.0	30.0	31.0	32.0	33.0	34.0	35.0
2PSL_S2_R2_001	2.0	1.0	2.0	4.0	8.0	23.0	171.0	2261.0	11611.0	29882.0	51986.0	75245.0	104679.0	137368.0	167904.0	198962.0	236660.0	290502.0	364480.0	466777.0	606086.0	798600.0	1079568.0	1509962.0	2238957.0	3574957.0	5687166.0	3689061.0
	16.0	17.0	18.0	19.0	20.0	21.0	22.0	23.0	24.0	25.0	26.0	27.0	28.0	29.0	30.0	31.0	32.0	33.0	34.0	35.0
2RDAM_S12_R1_001	4.0	19.0	132.0	1106.0	6770.0	25470.0	66617.0	130168.0	203528.0	278478.0	357984.0	461185.0	605143.0	797896.0	1049544.0	1385434.0	1858341.0	2682852.0	4749060.0	7630923.0
	7.0	8.0	9.0	10.0	11.0	12.0	13.0	14.0	15.0	16.0	17.0	18.0	19.0	20.0	21.0	22.0	23.0	24.0	25.0	26.0	27.0	28.0	29.0	30.0	31.0	32.0	33.0	34.0	35.0
2RDAM_S12_R2_001	2.0	1.0	0.0	7.0	4.0	14.0	27.0	150.0	2006.0	11287.0	30401.0	55022.0	81549.0	113302.0	148306.0	179795.0	210762.0	248503.0	301167.0	376345.0	481300.0	625943.0	828733.0	1124985.0	1587110.0	2360746.0	3763901.0	5945807.0	3813479.0
	12.0	13.0	14.0	15.0	16.0	17.0	18.0	19.0	20.0	21.0	22.0	23.0	24.0	25.0	26.0	27.0	28.0	29.0	30.0	31.0	32.0	33.0	34.0	35.0
3AF_S3_R1_001	1.0	9.0	31.0	66.0	104.0	142.0	202.0	525.0	1972.0	7333.0	20688.0	45982.0	82000.0	127520.0	187273.0	266785.0	377731.0	527623.0	719817.0	981450.0	1359280.0	2048154.0	4186030.0	15645086.0
	14.0	15.0	16.0	17.0	18.0	19.0	20.0	21.0	22.0	23.0	24.0	25.0	26.0	27.0	28.0	29.0	30.0	31.0	32.0	33.0	34.0	35.0
3AF_S3_R1_001_val_1	1.0	6.0	4.0	7.0	37.0	176.0	895.0	3862.0	12205.0	29578.0	56934.0	93101.0	143911.0	218355.0	328100.0	481565.0	678830.0	940160.0	1307380.0	1955548.0	3868564.0	16397928.0
	2.0	3.0	4.0	5.0	6.0	7.0	8.0	9.0	10.0	11.0	12.0	13.0	14.0	15.0	16.0	17.0	18.0	19.0	20.0	21.0	22.0	23.0	24.0	25.0	26.0	27.0	28.0	29.0	30.0	31.0	32.0	33.0	34.0	35.0
3AF_S3_R2_001	1112.0	1198.0	1579.0	1771.0	1542.0	1444.0	1346.0	1205.0	977.0	944.0	888.0	754.0	920.0	3298.0	11253.0	25958.0	43634.0	64453.0	95580.0	129929.0	157247.0	187631.0	225875.0	276959.0	347836.0	442351.0	563857.0	729475.0	960760.0	1320760.0	1963080.0	3402379.0	7243163.0	8374646.0
	2.0	3.0	4.0	5.0	6.0	7.0	8.0	9.0	10.0	11.0	12.0	13.0	14.0	15.0	16.0	17.0	18.0	19.0	20.0	21.0	22.0	23.0	24.0	25.0	26.0	27.0	28.0	29.0	30.0	31.0	32.0	33.0	34.0	35.0
3AF_S3_R2_001_val_2	592.0	1050.0	1434.0	1454.0	1402.0	1297.0	1192.0	1036.0	904.0	848.0	767.0	690.0	690.0	1230.0	3350.0	8876.0	19404.0	37897.0	68945.0	104661.0	133062.0	163380.0	201644.0	255941.0	330784.0	431627.0	557885.0	726516.0	953748.0	1308709.0	1937689.0	3334558.0	7127918.0	8795967.0
	12.0	13.0	14.0	15.0	16.0	17.0	18.0	19.0	20.0	21.0	22.0	23.0	24.0	25.0	26.0	27.0	28.0	29.0	30.0	31.0	32.0	33.0	34.0	35.0
3HS_S8_R1_001	4.0	7.0	17.0	54.0	75.0	113.0	179.0	434.0	1523.0	5893.0	17239.0	39705.0	71714.0	112469.0	165305.0	235257.0	334171.0	464076.0	633636.0	857722.0	1188819.0	1784065.0	3633483.0	13704685.0
	14.0	15.0	16.0	17.0	18.0	19.0	20.0	21.0	22.0	23.0	24.0	25.0	26.0	27.0	28.0	29.0	30.0	31.0	32.0	33.0	34.0	35.0
3HS_S8_R1_001_val_1	1.0	3.0	3.0	6.0	35.0	138.0	706.0	3080.0	10128.0	25437.0	49550.0	82641.0	127231.0	192767.0	289657.0	424052.0	599044.0	822769.0	1145948.0	1706549.0	3369669.0	14341252.0
	2.0	3.0	4.0	5.0	6.0	7.0	8.0	9.0	10.0	11.0	12.0	13.0	14.0	15.0	16.0	17.0	18.0	19.0	20.0	21.0	22.0	23.0	24.0	25.0	26.0	27.0	28.0	29.0	30.0	31.0	32.0	33.0	34.0	35.0
3HS_S8_R2_001	995.0	1064.0	1406.0	1518.0	1404.0	1286.0	1139.0	1030.0	921.0	795.0	738.0	679.0	767.0	2936.0	9784.0	22257.0	37725.0	55810.0	83319.0	113509.0	138491.0	165335.0	199820.0	246687.0	309395.0	391597.0	498800.0	641230.0	840005.0	1149563.0	1700773.0	2934451.0	6274087.0	7421329.0
	2.0	3.0	4.0	5.0	6.0	7.0	8.0	9.0	10.0	11.0	12.0	13.0	14.0	15.0	16.0	17.0	18.0	19.0	20.0	21.0	22.0	23.0	24.0	25.0	26.0	27.0	28.0	29.0	30.0	31.0	32.0	33.0	34.0	35.0
3HS_S8_R2_001_val_2	501.0	904.0	1283.0	1260.0	1279.0	1100.0	1033.0	923.0	850.0	672.0	684.0	619.0	647.0	1113.0	2930.0	7710.0	16795.0	32679.0	60177.0	91345.0	116492.0	143846.0	179374.0	227523.0	294827.0	381992.0	494012.0	638419.0	835944.0	1139565.0	1679765.0	2878739.0	6182235.0	7773429.0
	16.0	17.0	18.0	19.0	20.0	21.0	22.0	23.0	24.0	25.0	26.0	27.0	28.0	29.0	30.0	31.0	32.0	33.0	34.0	35.0
3PDR_S3_R1_001	1.0	11.0	136.0	1158.0	7147.0	27199.0	69180.0	133408.0	206715.0	281077.0	360518.0	469695.0	622872.0	830740.0	1103410.0	1468420.0	1988139.0	2888701.0	5172239.0	8354793.0
	8.0	9.0	10.0	11.0	12.0	13.0	14.0	15.0	16.0	17.0	18.0	19.0	20.0	21.0	22.0	23.0	24.0	25.0	26.0	27.0	28.0	29.0	30.0	31.0	32.0	33.0	34.0	35.0
3PDR_S3_R2_001	1.0	4.0	7.0	9.0	5.0	21.0	212.0	2626.0	13911.0	35463.0	61361.0	86801.0	118960.0	153305.0	184948.0	218358.0	258882.0	317206.0	400345.0	518617.0	678402.0	904166.0	1229055.0	1729597.0	2566992.0	4069387.0	6369630.0	4067288.0
	17.0	18.0	19.0	20.0	21.0	22.0	23.0	24.0	25.0	26.0	27.0	28.0	29.0	30.0	31.0	32.0	33.0	34.0	35.0
3RAM_S13_R1_001	8.0	161.0	1277.0	7751.0	28866.0	73323.0	141125.0	215890.0	291115.0	373282.0	479685.0	632509.0	836093.0	1097442.0	1444607.0	1941690.0	2801218.0	4991057.0	8094930.0
	7.0	8.0	9.0	10.0	11.0	12.0	13.0	14.0	15.0	16.0	17.0	18.0	19.0	20.0	21.0	22.0	23.0	24.0	25.0	26.0	27.0	28.0	29.0	30.0	31.0	32.0	33.0	34.0	35.0
3RAM_S13_R2_001	1.0	1.0	2.0	5.0	11.0	16.0	30.0	170.0	2241.0	12475.0	33556.0	58878.0	85434.0	118710.0	154600.0	188249.0	222587.0	263644.0	321639.0	404905.0	523736.0	680113.0	898922.0	1215877.0	1701287.0	2517508.0	3977271.0	6196468.0	3873693.0
	12.0	13.0	14.0	15.0	16.0	17.0	18.0	19.0	20.0	21.0	22.0	23.0	24.0	25.0	26.0	27.0	28.0	29.0	30.0	31.0	32.0	33.0	34.0	35.0
4AF_S4_R1_001	1.0	14.0	24.0	62.0	96.0	146.0	198.0	521.0	1993.0	7253.0	21374.0	48263.0	85931.0	135137.0	198043.0	284160.0	400350.0	550737.0	746824.0	1006714.0	1388063.0	2079266.0	4246990.0	14993789.0
	13.0	14.0	15.0	16.0	17.0	18.0	19.0	20.0	21.0	22.0	23.0	24.0	25.0	26.0	27.0	28.0	29.0	30.0	31.0	32.0	33.0	34.0	35.0
4AF_S4_R1_001_val_1	1.0	4.0	4.0	4.0	16.0	38.0	183.0	925.0	3865.0	12957.0	31349.0	60453.0	100563.0	154376.0	233506.0	349525.0	505991.0	705917.0	964058.0	1335649.0	1979358.0	3898735.0	15795078.0
	2.0	3.0	4.0	5.0	6.0	7.0	8.0	9.0	10.0	11.0	12.0	13.0	14.0	15.0	16.0	17.0	18.0	19.0	20.0	21.0	22.0	23.0	24.0	25.0	26.0	27.0	28.0	29.0	30.0	31.0	32.0	33.0	34.0	35.0
4AF_S4_R2_001	1081.0	1209.0	1582.0	1715.0	1462.0	1457.0	1388.0	1180.0	1037.0	948.0	824.0	793.0	891.0	2732.0	9863.0	23335.0	40828.0	61761.0	93719.0	127881.0	158008.0	188791.0	228014.0	278524.0	348081.0	441023.0	561963.0	724185.0	952637.0	1308763.0	1952537.0	3385944.0	7170395.0	8121398.0
	2.0	3.0	4.0	5.0	6.0	7.0	8.0	9.0	10.0	11.0	12.0	13.0	14.0	15.0	16.0	17.0	18.0	19.0	20.0	21.0	22.0	23.0	24.0	25.0	26.0	27.0	28.0	29.0	30.0	31.0	32.0	33.0	34.0	35.0
4AF_S4_R2_001_val_2	604.0	1057.0	1410.0	1433.0	1396.0	1323.0	1220.0	1033.0	929.0	794.0	784.0	739.0	664.0	1154.0	3069.0	8415.0	18673.0	36728.0	68028.0	103540.0	134174.0	165054.0	204464.0	257271.0	331085.0	429943.0	556235.0	719124.0	946319.0	1296893.0	1925695.0	3321552.0	7074383.0	8517370.0
	11.0	12.0	13.0	14.0	15.0	16.0	17.0	18.0	19.0	20.0	21.0	22.0	23.0	24.0	25.0	26.0	27.0	28.0	29.0	30.0	31.0	32.0	33.0	34.0	35.0
4HS_S9_R1_001	1.0	5.0	8.0	28.0	56.0	111.0	145.0	204.0	515.0	2061.0	7535.0	22702.0	51407.0	92380.0	144283.0	211440.0	302929.0	425986.0	590596.0	800691.0	1081118.0	1489486.0	2226757.0	4515926.0	16372034.0
	14.0	15.0	16.0	17.0	18.0	19.0	20.0	21.0	22.0	23.0	24.0	25.0	26.0	27.0	28.0	29.0	30.0	31.0	32.0	33.0	34.0	35.0
4HS_S9_R1_001_val_1	2.0	3.0	5.0	13.0	42.0	189.0	958.0	4099.0	13519.0	33885.0	64996.0	106814.0	163367.0	247115.0	370845.0	540215.0	757762.0	1034533.0	1434632.0	2127726.0	4173240.0	17190428.0
	2.0	3.0	4.0	5.0	6.0	7.0	8.0	9.0	10.0	11.0	12.0	13.0	14.0	15.0	16.0	17.0	18.0	19.0	20.0	21.0	22.0	23.0	24.0	25.0	26.0	27.0	28.0	29.0	30.0	31.0	32.0	33.0	34.0	35.0
4HS_S9_R2_001	1162.0	1275.0	1584.0	1834.0	1663.0	1568.0	1495.0	1253.0	1130.0	988.0	911.0	852.0	925.0	3303.0	11230.0	26110.0	44464.0	67199.0	101845.0	139101.0	171941.0	207149.0	249755.0	307892.0	387658.0	490766.0	624845.0	801412.0	1052913.0	1439332.0	2136051.0	3674438.0	7705673.0	8678687.0
	2.0	3.0	4.0	5.0	6.0	7.0	8.0	9.0	10.0	11.0	12.0	13.0	14.0	15.0	16.0	17.0	18.0	19.0	20.0	21.0	22.0	23.0	24.0	25.0	26.0	27.0	28.0	29.0	30.0	31.0	32.0	33.0	34.0	35.0
4HS_S9_R2_001_val_2	606.0	1092.0	1489.0	1554.0	1514.0	1429.0	1308.0	1072.0	994.0	890.0	824.0	767.0	765.0	1364.0	3462.0	9604.0	20504.0	40311.0	73934.0	112597.0	145342.0	180821.0	223820.0	284819.0	367955.0	477790.0	618020.0	796134.0	1045299.0	1426342.0	2107519.0	3607976.0	7605097.0	9101374.0
	16.0	17.0	18.0	19.0	20.0	21.0	22.0	23.0	24.0	25.0	26.0	27.0	28.0	29.0	30.0	31.0	32.0	33.0	34.0	35.0
4PSR_S4_R1_001	1.0	13.0	140.0	1317.0	7650.0	28819.0	74685.0	144101.0	223176.0	301280.0	383838.0	492118.0	642461.0	846295.0	1105927.0	1456844.0	1955155.0	2833266.0	5054200.0	8116173.0
	8.0	9.0	10.0	11.0	12.0	13.0	14.0	15.0	16.0	17.0	18.0	19.0	20.0	21.0	22.0	23.0	24.0	25.0	26.0	27.0	28.0	29.0	30.0	31.0	32.0	33.0	34.0	35.0
4PSR_S4_R2_001	2.0	1.0	3.0	8.0	21.0	29.0	205.0	2677.0	14029.0	36854.0	63251.0	92138.0	127304.0	164725.0	197835.0	232372.0	273904.0	329508.0	411866.0	524617.0	678685.0	893217.0	1204195.0	1685889.0	2495921.0	3954672.0	6245769.0	4037762.0
	17.0	18.0	19.0	20.0	21.0	22.0	23.0	24.0	25.0	26.0	27.0	28.0	29.0	30.0	31.0	32.0	33.0	34.0	35.0
4RRS_S14_R1_001	9.0	138.0	1146.0	6812.0	25293.0	64741.0	124217.0	191452.0	258058.0	330767.0	424281.0	561103.0	739379.0	973228.0	1280663.0	1724236.0	2484027.0	4396677.0	7011392.0
	8.0	9.0	10.0	11.0	12.0	13.0	14.0	15.0	16.0	17.0	18.0	19.0	20.0	21.0	22.0	23.0	24.0	25.0	26.0	27.0	28.0	29.0	30.0	31.0	32.0	33.0	34.0	35.0
4RRS_S14_R2_001	1.0	1.0	6.0	8.0	12.0	23.0	151.0	2078.0	11404.0	30271.0	53163.0	77643.0	107065.0	137619.0	166118.0	195120.0	231448.0	283569.0	356066.0	457692.0	594718.0	789258.0	1065944.0	1491770.0	2200859.0	3470399.0	5421619.0	3453594.0
	11.0	12.0	13.0	14.0	15.0	16.0	17.0	18.0	19.0	20.0	21.0	22.0	23.0	24.0	25.0	26.0	27.0	28.0	29.0	30.0	31.0	32.0	33.0	34.0	35.0
5AF_S5_R1_001	1.0	3.0	3.0	20.0	47.0	64.0	119.0	182.0	504.0	1816.0	6719.0	20002.0	43775.0	76044.0	114315.0	163366.0	230527.0	322577.0	449427.0	615063.0	834668.0	1163971.0	1763590.0	3626930.0	13052735.0
	14.0	15.0	16.0	17.0	18.0	19.0	20.0	21.0	22.0	23.0	24.0	25.0	26.0	27.0	28.0	29.0	30.0	31.0	32.0	33.0	34.0	35.0
5AF_S5_R1_001_val_1	3.0	4.0	3.0	19.0	40.0	189.0	835.0	3716.0	12384.0	29873.0	55298.0	87612.0	129370.0	191248.0	283316.0	413902.0	582405.0	799120.0	1118542.0	1674720.0	3322511.0	13727475.0
	2.0	3.0	4.0	5.0	6.0	7.0	8.0	9.0	10.0	11.0	12.0	13.0	14.0	15.0	16.0	17.0	18.0	19.0	20.0	21.0	22.0	23.0	24.0	25.0	26.0	27.0	28.0	29.0	30.0	31.0	32.0	33.0	34.0	35.0
5AF_S5_R2_001	924.0	987.0	1259.0	1491.0	1345.0	1245.0	1128.0	971.0	925.0	761.0	701.0	678.0	839.0	2487.0	8915.0	21941.0	38226.0	57023.0	82752.0	110327.0	133345.0	158230.0	186916.0	228874.0	286734.0	363570.0	466243.0	605167.0	800853.0	1107704.0	1667536.0	2922439.0	6216062.0	7007870.0
	2.0	3.0	4.0	5.0	6.0	7.0	8.0	9.0	10.0	11.0	12.0	13.0	14.0	15.0	16.0	17.0	18.0	19.0	20.0	21.0	22.0	23.0	24.0	25.0	26.0	27.0	28.0	29.0	30.0	31.0	32.0	33.0	34.0	35.0
5AF_S5_R2_001_val_2	475.0	847.0	1200.0	1277.0	1175.0	1092.0	985.0	891.0	795.0	717.0	595.0	651.0	678.0	995.0	2814.0	7824.0	17687.0	34058.0	60776.0	90743.0	114400.0	138579.0	168268.0	211515.0	272866.0	353740.0	461232.0	600491.0	795377.0	1095532.0	1642501.0	2861504.0	6118622.0	7371683.0
	12.0	13.0	14.0	15.0	16.0	17.0	18.0	19.0	20.0	21.0	22.0	23.0	24.0	25.0	26.0	27.0	28.0	29.0	30.0	31.0	32.0	33.0	34.0	35.0
5HS_S10_R1_001	4.0	7.0	26.0	57.0	72.0	111.0	211.0	477.0	1811.0	6648.0	19699.0	44018.0	79606.0	126273.0	185194.0	266163.0	376340.0	522030.0	710629.0	961400.0	1330432.0	1997635.0	4074191.0	14712828.0
	14.0	15.0	16.0	17.0	18.0	19.0	20.0	21.0	22.0	23.0	24.0	25.0	26.0	27.0	28.0	29.0	30.0	31.0	32.0	33.0	34.0	35.0
5HS_S10_R1_001_val_1	4.0	3.0	3.0	9.0	42.0	154.0	818.0	3441.0	11657.0	28350.0	55395.0	92981.0	143929.0	219082.0	328459.0	479206.0	673321.0	922053.0	1283075.0	1906110.0	3766193.0	15438711.0
	2.0	3.0	4.0	5.0	6.0	7.0	8.0	9.0	10.0	11.0	12.0	13.0	14.0	15.0	16.0	17.0	18.0	19.0	20.0	21.0	22.0	23.0	24.0	25.0	26.0	27.0	28.0	29.0	30.0	31.0	32.0	33.0	34.0	35.0
5HS_S10_R2_001	1079.0	1155.0	1412.0	1621.0	1544.0	1464.0	1249.0	1140.0	967.0	865.0	780.0	771.0	871.0	2938.0	10290.0	23555.0	39763.0	59461.0	88910.0	122447.0	149709.0	180203.0	217488.0	267296.0	335213.0	426658.0	543501.0	699552.0	923479.0	1271622.0	1896171.0	3286093.0	6958003.0	7898592.0
	2.0	3.0	4.0	5.0	6.0	7.0	8.0	9.0	10.0	11.0	12.0	13.0	14.0	15.0	16.0	17.0	18.0	19.0	20.0	21.0	22.0	23.0	24.0	25.0	26.0	27.0	28.0	29.0	30.0	31.0	32.0	33.0	34.0	35.0
5HS_S10_R2_001_val_2	585.0	956.0	1277.0	1405.0	1447.0	1253.0	1114.0	1016.0	863.0	772.0	736.0	723.0	653.0	1082.0	3124.0	8346.0	18112.0	35221.0	64099.0	98257.0	126795.0	156594.0	194754.0	247161.0	318441.0	416274.0	537303.0	695566.0	917211.0	1258859.0	1868958.0	3226338.0	6861571.0	8286130.0
	16.0	17.0	18.0	19.0	20.0	21.0	22.0	23.0	24.0	25.0	26.0	27.0	28.0	29.0	30.0	31.0	32.0	33.0	34.0	35.0
5PAM_S5_R1_001	1.0	10.0	157.0	1288.0	7616.0	28339.0	72659.0	139913.0	215809.0	291389.0	372208.0	478938.0	630502.0	831090.0	1097110.0	1447848.0	1947985.0	2819293.0	5026603.0	8004130.0
	8.0	9.0	10.0	11.0	12.0	13.0	14.0	15.0	16.0	17.0	18.0	19.0	20.0	21.0	22.0	23.0	24.0	25.0	26.0	27.0	28.0	29.0	30.0	31.0	32.0	33.0	34.0	35.0
5PAM_S5_R2_001	1.0	2.0	4.0	9.0	25.0	29.0	178.0	2551.0	13208.0	34585.0	60313.0	88271.0	121892.0	159439.0	194778.0	230315.0	273816.0	334037.0	422155.0	541920.0	704988.0	931513.0	1255257.0	1755390.0	2578503.0	4028580.0	6070931.0	3610198.0
	17.0	18.0	19.0	20.0	21.0	22.0	23.0	24.0	25.0	26.0	27.0	28.0	29.0	30.0	31.0	32.0	33.0	34.0	35.0
5ROCA_S15_R1_001	12.0	133.0	1084.0	6489.0	24488.0	63436.0	122242.0	190272.0	259149.0	333129.0	434242.0	576150.0	765945.0	1014736.0	1342150.0	1812373.0	2624110.0	4656087.0	7453949.0
	8.0	9.0	10.0	11.0	12.0	13.0	14.0	15.0	16.0	17.0	18.0	19.0	20.0	21.0	22.0	23.0	24.0	25.0	26.0	27.0	28.0	29.0	30.0	31.0	32.0	33.0	34.0	35.0
5ROCA_S15_R2_001	2.0	3.0	2.0	5.0	10.0	35.0	150.0	2119.0	11591.0	31392.0	54508.0	78434.0	107324.0	137992.0	167476.0	196974.0	235217.0	287915.0	362350.0	467259.0	610221.0	810240.0	1106346.0	1557265.0	2312603.0	3674409.0	5778768.0	3689566.0
	16.0	17.0	18.0	19.0	20.0	21.0	22.0	23.0	24.0	25.0	26.0	27.0	28.0	29.0	30.0	31.0	32.0	33.0	34.0	35.0
6AF_S1_R1_001	1.0	7.0	55.0	438.0	2277.0	7965.0	20329.0	44061.0	82510.0	141791.0	227968.0	347224.0	511848.0	732499.0	1031472.0	1437155.0	2014982.0	2981284.0	5124815.0	3727063.0
	17.0	18.0	19.0	20.0	21.0	22.0	23.0	24.0	25.0	26.0	27.0	28.0	29.0	30.0	31.0	32.0	33.0	34.0	35.0
6AF_S1_R1_001_val_1	1.0	21.0	125.0	861.0	3733.0	10795.0	27056.0	55098.0	103585.0	178959.0	292003.0	452624.0	676545.0	982998.0	1395023.0	1979583.0	2925170.0	5186675.0	4049414.0
	2.0	3.0	4.0	5.0	6.0	7.0	8.0	9.0	10.0	11.0	12.0	13.0	14.0	15.0	16.0	17.0	18.0	19.0	20.0	21.0	22.0	23.0	24.0	25.0	26.0	27.0	28.0	29.0	30.0	31.0	32.0	33.0	34.0	35.0
6AF_S1_R2_001	37235.0	5517.0	7104.0	3372.0	2428.0	2265.0	2135.0	1905.0	1969.0	1959.0	1980.0	1906.0	1854.0	2057.0	4532.0	11547.0	23146.0	40325.0	65186.0	95439.0	129815.0	171578.0	231691.0	318249.0	443278.0	615753.0	853562.0	1182701.0	1644462.0	2285505.0	3079512.0	3679517.0	2925737.0	560523.0
	4.0	5.0	6.0	7.0	8.0	9.0	10.0	11.0	12.0	13.0	14.0	15.0	16.0	17.0	18.0	19.0	20.0	21.0	22.0	23.0	24.0	25.0	26.0	27.0	28.0	29.0	30.0	31.0	32.0	33.0	34.0	35.0
6AF_S1_R2_001_val_2	1.0	3.0	2.0	17.0	18.0	15.0	47.0	82.0	107.0	149.0	157.0	236.0	932.0	3618.0	9935.0	23147.0	46273.0	76110.0	109434.0	150603.0	209567.0	295119.0	420900.0	596508.0	833751.0	1160564.0	1620607.0	2256178.0	3055430.0	3703287.0	3061979.0	685493.0
	16.0	17.0	18.0	19.0	20.0	21.0	22.0	23.0	24.0	25.0	26.0	27.0	28.0	29.0	30.0	31.0	32.0	33.0	34.0	35.0
6PAG_S6_R1_001	2.0	14.0	157.0	1231.0	7572.0	28134.0	72595.0	140320.0	214776.0	286973.0	359501.0	457236.0	593051.0	777152.0	1018336.0	1342259.0	1807368.0	2618763.0	4633529.0	7237434.0
	7.0	8.0	9.0	10.0	11.0	12.0	13.0	14.0	15.0	16.0	17.0	18.0	19.0	20.0	21.0	22.0	23.0	24.0	25.0	26.0	27.0	28.0	29.0	30.0	31.0	32.0	33.0	34.0	35.0
6PAG_S6_R2_001	2.0	1.0	2.0	5.0	4.0	16.0	36.0	167.0	2098.0	11344.0	31047.0	56466.0	83950.0	118457.0	155021.0	186604.0	216345.0	251903.0	301327.0	372518.0	471737.0	612395.0	808489.0	1095824.0	1543088.0	2292981.0	3639634.0	5713663.0	3631279.0
	17.0	18.0	19.0	20.0	21.0	22.0	23.0	24.0	25.0	26.0	27.0	28.0	29.0	30.0	31.0	32.0	33.0	34.0	35.0
6R_FD_S15_R1_001	5.0	44.0	310.0	1487.0	5200.0	13601.0	29243.0	56151.0	95858.0	154849.0	237159.0	350311.0	506845.0	717650.0	1005793.0	1417195.0	2105541.0	3617582.0	2622074.0
	2.0	3.0	4.0	5.0	6.0	7.0	8.0	9.0	10.0	11.0	12.0	13.0	14.0	15.0	16.0	17.0	18.0	19.0	20.0	21.0	22.0	23.0	24.0	25.0	26.0	27.0	28.0	29.0	30.0	31.0	32.0	33.0	34.0	35.0
6R_FD_S15_R2_001	26436.0	3812.0	4956.0	2364.0	1697.0	1622.0	1475.0	1305.0	1401.0	1387.0	1364.0	1319.0	1278.0	1511.0	3455.0	9091.0	18219.0	30339.0	47449.0	68395.0	89765.0	117115.0	156955.0	216676.0	301284.0	422022.0	589525.0	824050.0	1155437.0	1611080.0	2176294.0	2597469.0	2058543.0	391808.0
	16.0	17.0	18.0	19.0	20.0	21.0	22.0	23.0	24.0	25.0	26.0	27.0	28.0	29.0	30.0	31.0	32.0	33.0	34.0	35.0
7AF_S2_R1_001	3.0	5.0	41.0	348.0	1963.0	6992.0	18306.0	39597.0	72700.0	122789.0	192529.0	290390.0	424145.0	605019.0	849003.0	1177123.0	1653527.0	2451007.0	4240838.0	3120911.0
	2.0	3.0	4.0	5.0	6.0	7.0	8.0	9.0	10.0	11.0	12.0	13.0	14.0	15.0	16.0	17.0	18.0	19.0	20.0	21.0	22.0	23.0	24.0	25.0	26.0	27.0	28.0	29.0	30.0	31.0	32.0	33.0	34.0	35.0
7AF_S2_R2_001	31351.0	4705.0	5931.0	2745.0	2040.0	1812.0	1681.0	1567.0	1639.0	1647.0	1663.0	1525.0	1547.0	1826.0	4146.0	10592.0	21549.0	37036.0	59404.0	86301.0	117235.0	155050.0	207479.0	283318.0	391057.0	538569.0	739868.0	1017155.0	1394524.0	1912409.0	2530528.0	2958543.0	2305352.0	435442.0
	16.0	17.0	18.0	19.0	20.0	21.0	22.0	23.0	24.0	25.0	26.0	27.0	28.0	29.0	30.0	31.0	32.0	33.0	34.0	35.0
7PIL_S7_R1_001	1.0	13.0	168.0	1411.0	7872.0	29038.0	74563.0	144639.0	226852.0	311208.0	405691.0	532133.0	705070.0	936843.0	1242795.0	1643021.0	2224608.0	3234764.0	5813656.0	9446480.0
	8.0	9.0	10.0	11.0	12.0	13.0	14.0	15.0	16.0	17.0	18.0	19.0	20.0	21.0	22.0	23.0	24.0	25.0	26.0	27.0	28.0	29.0	30.0	31.0	32.0	33.0	34.0	35.0
7PIL_S7_R2_001	2.0	5.0	2.0	10.0	20.0	32.0	211.0	2913.0	14566.0	37581.0	65272.0	94080.0	131374.0	171111.0	206684.0	244496.0	289866.0	355204.0	448370.0	577675.0	754576.0	1003466.0	1361695.0	1919768.0	2864159.0	4580069.0	7234540.0	4623079.0
	16.0	17.0	18.0	19.0	20.0	21.0	22.0	23.0	24.0	25.0	26.0	27.0	28.0	29.0	30.0	31.0	32.0	33.0	34.0	35.0
7R_FV_S16_R1_001	1.0	5.0	29.0	226.0	1069.0	3783.0	9726.0	20972.0	40116.0	69287.0	111487.0	170696.0	250588.0	360881.0	506921.0	706365.0	985697.0	1459132.0	2509559.0	1840654.0
	2.0	3.0	4.0	5.0	6.0	7.0	8.0	9.0	10.0	11.0	12.0	13.0	14.0	15.0	16.0	17.0	18.0	19.0	20.0	21.0	22.0	23.0	24.0	25.0	26.0	27.0	28.0	29.0	30.0	31.0	32.0	33.0	34.0	35.0
7R_FV_S16_R2_001	18715.0	2787.0	3459.0	1687.0	1183.0	1101.0	975.0	921.0	944.0	969.0	1009.0	918.0	918.0	1053.0	2409.0	6350.0	12810.0	21437.0	33993.0	48852.0	64722.0	84741.0	113717.0	156655.0	217613.0	303415.0	420053.0	580556.0	807035.0	1118714.0	1509528.0	1799115.0	1432749.0	276091.0
	17.0	18.0	19.0	20.0	21.0	22.0	23.0	24.0	25.0	26.0	27.0	28.0	29.0	30.0	31.0	32.0	33.0	34.0	35.0
8AF_S3_R1_001	6.0	33.0	276.0	1446.0	5188.0	13636.0	29931.0	57464.0	100914.0	163948.0	253942.0	377523.0	546414.0	772221.0	1081527.0	1519389.0	2256409.0	3907783.0	2899772.0
	2.0	3.0	4.0	5.0	6.0	7.0	8.0	9.0	10.0	11.0	12.0	13.0	14.0	15.0	16.0	17.0	18.0	19.0	20.0	21.0	22.0	23.0	24.0	25.0	26.0	27.0	28.0	29.0	30.0	31.0	32.0	33.0	34.0	35.0
8AF_S3_R2_001	28183.0	4257.0	5659.0	2612.0	1858.0	1608.0	1610.0	1479.0	1505.0	1535.0	1480.0	1363.0	1377.0	1635.0	3569.0	9179.0	18481.0	31277.0	49683.0	72322.0	96930.0	128519.0	173416.0	239906.0	333643.0	464154.0	646452.0	895549.0	1250964.0	1740450.0	2346669.0	2795726.0	2214370.0	420402.0
	16.0	17.0	18.0	19.0	20.0	21.0	22.0	23.0	24.0	25.0	26.0	27.0	28.0	29.0	30.0	31.0	32.0	33.0	34.0	35.0
8PSN_S8_R1_001	1.0	13.0	159.0	1448.0	8576.0	32245.0	82965.0	159828.0	245083.0	327895.0	418549.0	541262.0	714682.0	949281.0	1260899.0	1665753.0	2252765.0	3261881.0	5836510.0	9448889.0
	6.0	7.0	8.0	9.0	10.0	11.0	12.0	13.0	14.0	15.0	16.0	17.0	18.0	19.0	20.0	21.0	22.0	23.0	24.0	25.0	26.0	27.0	28.0	29.0	30.0	31.0	32.0	33.0	34.0	35.0
8PSN_S8_R2_001	2.0	0.0	2.0	0.0	1.0	6.0	15.0	30.0	232.0	2912.0	15420.0	41845.0	71491.0	102422.0	138929.0	178075.0	212625.0	249996.0	294711.0	360424.0	454504.0	585552.0	768127.0	1022113.0	1389772.0	1951666.0	2893622.0	4602340.0	7236467.0	4635383.0
	16.0	17.0	18.0	19.0	20.0	21.0	22.0	23.0	24.0	25.0	26.0	27.0	28.0	29.0	30.0	31.0	32.0	33.0	34.0	35.0
8R_BM_S17_R1_001	1.0	5.0	30.0	243.0	1432.0	5007.0	13073.0	28421.0	55038.0	95274.0	153807.0	236478.0	352483.0	509353.0	723398.0	1016854.0	1444021.0	2153558.0	3731752.0	2707857.0
	2.0	3.0	4.0	5.0	6.0	7.0	8.0	9.0	10.0	11.0	12.0	13.0	14.0	15.0	16.0	17.0	18.0	19.0	20.0	21.0	22.0	23.0	24.0	25.0	26.0	27.0	28.0	29.0	30.0	31.0	32.0	33.0	34.0	35.0
8R_BM_S17_R2_001	26545.0	3751.0	5056.0	2475.0	1732.0	1505.0	1517.0	1284.0	1406.0	1429.0	1434.0	1250.0	1336.0	1608.0	3691.0	9547.0	19065.0	31477.0	47449.0	65273.0	83621.0	107512.0	140254.0	190719.0	265618.0	369754.0	519624.0	735596.0	1050437.0	1514315.0	2153286.0	2791804.0	2512480.0	564235.0
	17.0	18.0	19.0	20.0	21.0	22.0	23.0	24.0	25.0	26.0	27.0	28.0	29.0	30.0	31.0	32.0	33.0	34.0	35.0
9AF_S4_R1_001	5.0	54.0	377.0	1897.0	6785.0	17396.0	38331.0	73752.0	127956.0	206360.0	315898.0	466755.0	669325.0	947295.0	1319285.0	1861009.0	2770742.0	4813951.0	3554632.0
	17.0	18.0	19.0	20.0	21.0	22.0	23.0	24.0	25.0	26.0	27.0	28.0	29.0	30.0	31.0	32.0	33.0	34.0	35.0
9AF_S4_R1_001_val_1	2.0	10.0	135.0	725.0	3088.0	9491.0	23807.0	50182.0	94669.0	165200.0	269081.0	418204.0	624129.0	907577.0	1288251.0	1833061.0	2731997.0	4853479.0	3806992.0
	2.0	3.0	4.0	5.0	6.0	7.0	8.0	9.0	10.0	11.0	12.0	13.0	14.0	15.0	16.0	17.0	18.0	19.0	20.0	21.0	22.0	23.0	24.0	25.0	26.0	27.0	28.0	29.0	30.0	31.0	32.0	33.0	34.0	35.0
9AF_S4_R2_001	34971.0	5099.0	6612.0	3171.0	2240.0	2009.0	1962.0	1768.0	1884.0	1817.0	1901.0	1672.0	1718.0	1954.0	4697.0	12362.0	24786.0	41003.0	63485.0	91611.0	120194.0	156228.0	209170.0	287412.0	401308.0	559872.0	778735.0	1087078.0	1521030.0	2130243.0	2890171.0	3463928.0	2752513.0	527201.0
	6.0	7.0	8.0	9.0	10.0	11.0	12.0	13.0	14.0	15.0	16.0	17.0	18.0	19.0	20.0	21.0	22.0	23.0	24.0	25.0	26.0	27.0	28.0	29.0	30.0	31.0	32.0	33.0	34.0	35.0
9AF_S4_R2_001_val_2	4.0	7.0	22.0	17.0	40.0	62.0	102.0	147.0	153.0	246.0	953.0	3609.0	10171.0	22852.0	44480.0	72408.0	101753.0	137112.0	187980.0	266683.0	380275.0	540863.0	759851.0	1067057.0	1498229.0	2102834.0	2866460.0	3485941.0	2883836.0	645933.0
	17.0	18.0	19.0	20.0	21.0	22.0	23.0	24.0	25.0	26.0	27.0	28.0	29.0	30.0	31.0	32.0	33.0	34.0	35.0
9P_PA_S12_R1_001	6.0	49.0	321.0	1835.0	6149.0	15755.0	33716.0	63651.0	109092.0	174370.0	264617.0	388938.0	557923.0	789020.0	1100164.0	1549722.0	2302696.0	3978749.0	2936998.0
	2.0	3.0	4.0	5.0	6.0	7.0	8.0	9.0	10.0	11.0	12.0	13.0	14.0	15.0	16.0	17.0	18.0	19.0	20.0	21.0	22.0	23.0	24.0	25.0	26.0	27.0	28.0	29.0	30.0	31.0	32.0	33.0	34.0	35.0
9P_PA_S12_R2_001	29086.0	4343.0	5641.0	2654.0	1897.0	1709.0	1541.0	1485.0	1485.0	1457.0	1537.0	1352.0	1423.0	1765.0	3966.0	10363.0	20949.0	34862.0	54821.0	77080.0	101815.0	131603.0	174823.0	237768.0	329739.0	458874.0	637095.0	887146.0	1243441.0	1738032.0	2371192.0	2881109.0	2355528.0	466190.0
	17.0	18.0	19.0	20.0	21.0	22.0	23.0	24.0	25.0	26.0	27.0	28.0	29.0	30.0	31.0	32.0	33.0	34.0	35.0
9R_MV_S18_R1_001	7.0	40.0	275.0	1507.0	5252.0	14320.0	31473.0	60381.0	104507.0	169245.0	257866.0	380072.0	543869.0	765188.0	1063294.0	1493774.0	2220961.0	3919439.0	3024597.0
	2.0	3.0	4.0	5.0	6.0	7.0	8.0	9.0	10.0	11.0	12.0	13.0	14.0	15.0	16.0	17.0	18.0	19.0	20.0	21.0	22.0	23.0	24.0	25.0	26.0	27.0	28.0	29.0	30.0	31.0	32.0	33.0	34.0	35.0
9R_MV_S18_R2_001	29198.0	4354.0	5671.0	2714.0	1821.0	1691.0	1537.0	1509.0	1538.0	1504.0	1518.0	1429.0	1393.0	1706.0	3912.0	10653.0	21259.0	35476.0	53451.0	75006.0	98224.0	124958.0	164688.0	223458.0	307021.0	424465.0	588779.0	822677.0	1154836.0	1639588.0	2290187.0	2900958.0	2519767.0	539121.0
	16.0	17.0	18.0	19.0	20.0	21.0	22.0	23.0	24.0	25.0	26.0	27.0	28.0	29.0	30.0	31.0	32.0	33.0	34.0	35.0
HS10_S10_R1_001	1.0	6.0	72.0	530.0	2675.0	8782.0	22114.0	46444.0	85693.0	146807.0	233802.0	356145.0	528589.0	758633.0	1072740.0	1499421.0	2113935.0	3146394.0	5448870.0	3978345.0
	16.0	17.0	18.0	19.0	20.0	21.0	22.0	23.0	24.0	25.0	26.0	27.0	28.0	29.0	30.0	31.0	32.0	33.0	34.0	35.0
HS10_S10_R1_001_val_1	1.0	3.0	18.0	144.0	890.0	3660.0	11272.0	27134.0	55526.0	103741.0	178882.0	291841.0	457487.0	690239.0	1013037.0	1451791.0	2073272.0	3083141.0	5514534.0	4346168.0
	2.0	3.0	4.0	5.0	6.0	7.0	8.0	9.0	10.0	11.0	12.0	13.0	14.0	15.0	16.0	17.0	18.0	19.0	20.0	21.0	22.0	23.0	24.0	25.0	26.0	27.0	28.0	29.0	30.0	31.0	32.0	33.0	34.0	35.0
HS10_S10_R2_001	39756.0	5829.0	7613.0	3582.0	2610.0	2365.0	2159.0	2018.0	2079.0	2162.0	2127.0	2001.0	2001.0	2243.0	5023.0	12554.0	25091.0	42980.0	68109.0	99615.0	133960.0	175802.0	236233.0	327427.0	456259.0	638538.0	887451.0	1234924.0	1722511.0	2389411.0	3224697.0	3887017.0	3170268.0	633583.0
	6.0	7.0	8.0	9.0	10.0	11.0	12.0	13.0	14.0	15.0	16.0	17.0	18.0	19.0	20.0	21.0	22.0	23.0	24.0	25.0	26.0	27.0	28.0	29.0	30.0	31.0	32.0	33.0	34.0	35.0
HS10_S10_R2_001_val_2	4.0	16.0	16.0	25.0	45.0	89.0	125.0	148.0	182.0	276.0	1078.0	3862.0	10650.0	24405.0	48189.0	78723.0	112364.0	153226.0	212370.0	302982.0	433660.0	617135.0	864418.0	1211406.0	1693664.0	2355280.0	3195154.0	3902043.0	3309347.0	771899.0
	16.0	17.0	18.0	19.0	20.0	21.0	22.0	23.0	24.0	25.0	26.0	27.0	28.0	29.0	30.0	31.0	32.0	33.0	34.0	35.0
HS11_S11_R1_001	1.0	4.0	31.0	300.0	1550.0	5229.0	13905.0	29973.0	56310.0	96548.0	153941.0	233343.0	342213.0	490368.0	688486.0	954930.0	1341025.0	1991590.0	3457622.0	2562243.0
	18.0	19.0	20.0	21.0	22.0	23.0	24.0	25.0	26.0	27.0	28.0	29.0	30.0	31.0	32.0	33.0	34.0	35.0
HS11_S11_R1_001_val_1	9.0	95.0	582.0	2292.0	7330.0	18154.0	37728.0	70804.0	121932.0	198014.0	305230.0	456495.0	657944.0	931048.0	1321613.0	1962497.0	3496979.0	2755265.0
	2.0	3.0	4.0	5.0	6.0	7.0	8.0	9.0	10.0	11.0	12.0	13.0	14.0	15.0	16.0	17.0	18.0	19.0	20.0	21.0	22.0	23.0	24.0	25.0	26.0	27.0	28.0	29.0	30.0	31.0	32.0	33.0	34.0	35.0
HS11_S11_R2_001	25027.0	3777.0	4840.0	2279.0	1629.0	1555.0	1365.0	1306.0	1380.0	1416.0	1282.0	1261.0	1245.0	1544.0	3263.0	8409.0	17219.0	28849.0	44555.0	62835.0	82684.0	105747.0	138783.0	188462.0	259472.0	359470.0	499889.0	699842.0	990803.0	1418489.0	2003830.0	2589647.0	2340978.0	526480.0
	5.0	6.0	7.0	8.0	9.0	10.0	11.0	12.0	13.0	14.0	15.0	16.0	17.0	18.0	19.0	20.0	21.0	22.0	23.0	24.0	25.0	26.0	27.0	28.0	29.0	30.0	31.0	32.0	33.0	34.0	35.0
HS11_S11_R2_001_val_2	2.0	5.0	1.0	18.0	25.0	25.0	49.0	74.0	105.0	106.0	170.0	681.0	2560.0	7182.0	16235.0	31186.0	50056.0	69823.0	92240.0	124475.0	173642.0	245722.0	347216.0	489376.0	686718.0	975447.0	1397867.0	1982224.0	2592167.0	2425604.0	633010.0
	16.0	17.0	18.0	19.0	20.0	21.0	22.0	23.0	24.0	25.0	26.0	27.0	28.0	29.0	30.0	31.0	32.0	33.0	34.0	35.0
HS6_S6_R1_001	2.0	5.0	55.0	343.0	1900.0	6524.0	17400.0	37682.0	70412.0	119110.0	189296.0	283426.0	411186.0	584806.0	817124.0	1131908.0	1587618.0	2354089.0	4057937.0	3004815.0
	17.0	18.0	19.0	20.0	21.0	22.0	23.0	24.0	25.0	26.0	27.0	28.0	29.0	30.0	31.0	32.0	33.0	34.0	35.0
HS6_S6_R1_001_val_1	2.0	15.0	110.0	779.0	3203.0	9649.0	23756.0	48830.0	89585.0	151537.0	241675.0	367671.0	542688.0	782985.0	1102906.0	1558844.0	2314752.0	4104961.0	3233402.0
	2.0	3.0	4.0	5.0	6.0	7.0	8.0	9.0	10.0	11.0	12.0	13.0	14.0	15.0	16.0	17.0	18.0	19.0	20.0	21.0	22.0	23.0	24.0	25.0	26.0	27.0	28.0	29.0	30.0	31.0	32.0	33.0	34.0	35.0
HS6_S6_R2_001	30003.0	4416.0	5772.0	2690.0	1995.0	1731.0	1666.0	1535.0	1562.0	1594.0	1568.0	1457.0	1437.0	1741.0	3804.0	9728.0	19759.0	34346.0	55139.0	80858.0	109981.0	145727.0	194884.0	267447.0	367291.0	504790.0	693331.0	955935.0	1323394.0	1827979.0	2445418.0	2887271.0	2262374.0	427015.0
	4.0	5.0	6.0	7.0	8.0	9.0	10.0	11.0	12.0	13.0	14.0	15.0	16.0	17.0	18.0	19.0	20.0	21.0	22.0	23.0	24.0	25.0	26.0	27.0	28.0	29.0	30.0	31.0	32.0	33.0	34.0	35.0
HS6_S6_R2_001_val_2	1.0	2.0	4.0	5.0	13.0	17.0	37.0	44.0	86.0	101.0	125.0	201.0	833.0	2867.0	8297.0	19736.0	39328.0	65400.0	94349.0	128995.0	176832.0	249285.0	348752.0	488756.0	677161.0	937992.0	1302512.0	1804933.0	2427716.0	2909004.0	2370720.0	523246.0
	16.0	17.0	18.0	19.0	20.0	21.0	22.0	23.0	24.0	25.0	26.0	27.0	28.0	29.0	30.0	31.0	32.0	33.0	34.0	35.0
HS7_S7_R1_001	2.0	8.0	118.0	903.0	4810.0	15843.0	38886.0	81640.0	148758.0	247550.0	386695.0	580201.0	844552.0	1196041.0	1671048.0	2319346.0	3248511.0	4821799.0	8413054.0	6312899.0
	16.0	17.0	18.0	19.0	20.0	21.0	22.0	23.0	24.0	25.0	26.0	27.0	28.0	29.0	30.0	31.0	32.0	33.0	34.0	35.0
HS7_S7_R1_001_val_1	2.0	4.0	26.0	260.0	1742.0	7058.0	20552.0	48956.0	97688.0	176986.0	299230.0	479057.0	737329.0	1097486.0	1588407.0	2254736.0	3196034.0	4749434.0	8510222.0	6851719.0
	2.0	3.0	4.0	5.0	6.0	7.0	8.0	9.0	10.0	11.0	12.0	13.0	14.0	15.0	16.0	17.0	18.0	19.0	20.0	21.0	22.0	23.0	24.0	25.0	26.0	27.0	28.0	29.0	30.0	31.0	32.0	33.0	34.0	35.0
HS7_S7_R2_001	62953.0	9277.0	11762.0	5830.0	4037.0	3729.0	3455.0	3235.0	3213.0	3296.0	3322.0	2967.0	3121.0	3741.0	8713.0	23328.0	47111.0	78986.0	122723.0	176641.0	232800.0	300719.0	397609.0	539459.0	738067.0	1014851.0	1394908.0	1913780.0	2644380.0	3653268.0	4933814.0	5987154.0	4972758.0	1027657.0
	4.0	5.0	6.0	7.0	8.0	9.0	10.0	11.0	12.0	13.0	14.0	15.0	16.0	17.0	18.0	19.0	20.0	21.0	22.0	23.0	24.0	25.0	26.0	27.0	28.0	29.0	30.0	31.0	32.0	33.0	34.0	35.0
HS7_S7_R2_001_val_2	2.0	7.0	7.0	13.0	24.0	42.0	66.0	148.0	174.0	242.0	276.0	495.0	1807.0	6991.0	19551.0	44548.0	86494.0	139662.0	196183.0	262136.0	358208.0	500158.0	703644.0	983115.0	1365178.0	1884170.0	2607811.0	3609603.0	4894105.0	6010615.0	5186193.0	1255260.0
	16.0	17.0	18.0	19.0	20.0	21.0	22.0	23.0	24.0	25.0	26.0	27.0	28.0	29.0	30.0	31.0	32.0	33.0	34.0	35.0
HS8_S8_R1_001	1.0	3.0	41.0	339.0	1783.0	6324.0	16533.0	36473.0	69384.0	117370.0	188023.0	283128.0	411804.0	584516.0	813917.0	1125848.0	1577212.0	2328415.0	3968367.0	2821151.0
	17.0	18.0	19.0	20.0	21.0	22.0	23.0	24.0	25.0	26.0	27.0	28.0	29.0	30.0	31.0	32.0	33.0	34.0	35.0
HS8_S8_R1_001_val_1	1.0	11.0	125.0	690.0	2952.0	9333.0	23055.0	47746.0	88526.0	151197.0	241756.0	368860.0	544902.0	778408.0	1097338.0	1549462.0	2288588.0	4023307.0	3042673.0
	2.0	3.0	4.0	5.0	6.0	7.0	8.0	9.0	10.0	11.0	12.0	13.0	14.0	15.0	16.0	17.0	18.0	19.0	20.0	21.0	22.0	23.0	24.0	25.0	26.0	27.0	28.0	29.0	30.0	31.0	32.0	33.0	34.0	35.0
HS8_S8_R2_001	28513.0	4159.0	5510.0	2622.0	1821.0	1639.0	1539.0	1495.0	1482.0	1553.0	1598.0	1359.0	1424.0	1732.0	3921.0	10396.0	21396.0	35937.0	55100.0	76754.0	99829.0	128983.0	169675.0	227068.0	311034.0	425819.0	588312.0	819166.0	1152660.0	1642028.0	2310298.0	2971904.0	2653800.0	590106.0
	4.0	5.0	6.0	7.0	8.0	9.0	10.0	11.0	12.0	13.0	14.0	15.0	16.0	17.0	18.0	19.0	20.0	21.0	22.0	23.0	24.0	25.0	26.0	27.0	28.0	29.0	30.0	31.0	32.0	33.0	34.0	35.0
HS8_S8_R2_001_val_2	1.0	3.0	5.0	9.0	9.0	16.0	17.0	51.0	82.0	112.0	119.0	204.0	810.0	3156.0	9169.0	20257.0	38880.0	61565.0	85079.0	113936.0	152893.0	210998.0	295112.0	411568.0	573921.0	804719.0	1134531.0	1618728.0	2285669.0	2973021.0	2752545.0	711745.0
	15.0	16.0	17.0	18.0	19.0	20.0	21.0	22.0	23.0	24.0	25.0	26.0	27.0	28.0	29.0	30.0	31.0	32.0	33.0	34.0	35.0
HS9_S9_R1_001	1.0	3.0	5.0	64.0	466.0	2301.0	7816.0	20250.0	43118.0	81643.0	139819.0	226235.0	345993.0	515830.0	744430.0	1054168.0	1479645.0	2088549.0	3113195.0	5401986.0	4019891.0
	16.0	17.0	18.0	19.0	20.0	21.0	22.0	23.0	24.0	25.0	26.0	27.0	28.0	29.0	30.0	31.0	32.0	33.0	34.0	35.0
HS9_S9_R1_001_val_1	1.0	2.0	22.0	138.0	822.0	3389.0	10624.0	25952.0	54130.0	100943.0	175827.0	287608.0	451602.0	681999.0	1000083.0	1433473.0	2048473.0	3052431.0	5456954.0	4362155.0
	2.0	3.0	4.0	5.0	6.0	7.0	8.0	9.0	10.0	11.0	12.0	13.0	14.0	15.0	16.0	17.0	18.0	19.0	20.0	21.0	22.0	23.0	24.0	25.0	26.0	27.0	28.0	29.0	30.0	31.0	32.0	33.0	34.0	35.0
HS9_S9_R2_001	39582.0	5665.0	7524.0	3727.0	2564.0	2317.0	2118.0	2096.0	2074.0	2072.0	2049.0	1891.0	1943.0	2218.0	4765.0	11816.0	23876.0	41533.0	65552.0	95718.0	128518.0	168658.0	227544.0	315051.0	442651.0	620686.0	868237.0	1215258.0	1701583.0	2377584.0	3226980.0	3892911.0	3157103.0	621544.0
	4.0	5.0	6.0	7.0	8.0	9.0	10.0	11.0	12.0	13.0	14.0	15.0	16.0	17.0	18.0	19.0	20.0	21.0	22.0	23.0	24.0	25.0	26.0	27.0	28.0	29.0	30.0	31.0	32.0	33.0	34.0	35.0
HS9_S9_R2_001_val_2	1.0	2.0	7.0	7.0	17.0	28.0	42.0	80.0	101.0	142.0	170.0	288.0	980.0	3528.0	10136.0	23552.0	46111.0	76067.0	107485.0	147213.0	204443.0	291155.0	419874.0	599621.0	847065.0	1189885.0	1672661.0	2342194.0	3196792.0	3910292.0	3297475.0	759214.0

